-9.831064e-01 -1.813451e-01 2.481396e-02 -0.000000e+00 1.813982e-01 -9.834097e-01 -1.130922e-04 0.000000e+00 2.442280e-02 4.390026e-03 9.996921e-01 0.000000e+00
-9.831046e-01 -1.813524e-01 2.483250e-02 -4.576540e-06 1.814056e-01 -9.834083e-01 -1.094770e-04 4.576540e-06 2.444034e-02 4.397129e-03 9.996916e-01 -8.997704e-07
-9.831035e-01 -1.813591e-01 2.482866e-02 -6.430965e-06 1.814132e-01 -9.834070e-01 -7.646953e-05 6.430965e-06 2.443055e-02 4.429069e-03 9.996917e-01 3.115556e-06
-9.831042e-01 -1.813584e-01 2.480479e-02 -3.484499e-06 1.814116e-01 -9.834073e-01 -1.066019e-04 3.484499e-06 2.441255e-02 4.395076e-03 9.996923e-01 -2.810690e-07
-9.831073e-01 -1.813417e-01 2.480235e-02 -5.529279e-06 1.813957e-01 -9.834102e-01 -7.286829e-05 5.529279e-06 2.440410e-02 4.427403e-03 9.996924e-01 2.622538e-06
-9.831094e-01 -1.813327e-01 2.478631e-02 -6.463124e-07 1.813864e-01 -9.834119e-01 -8.133168e-05 6.463124e-07 2.438990e-02 4.415941e-03 9.996928e-01 1.216529e-06
-9.831086e-01 -1.813386e-01 2.477407e-02 -6.016057e-06 1.813915e-01 -9.834109e-01 -1.116277e-04 6.016057e-06 2.438333e-02 4.384065e-03 9.996931e-01 -1.854376e-06
-9.831076e-01 -1.813418e-01 2.479271e-02 -1.247733e-05 1.813960e-01 -9.834101e-01 -6.376212e-05 1.247733e-05 2.439297e-02 4.434614e-03 9.996926e-01 3.640053e-06
-9.831047e-01 -1.813570e-01 2.479511e-02 -1.791479e-05 1.814107e-01 -9.834074e-01 -8.578976e-05 1.791479e-05 2.439925e-02 4.413757e-03 9.996926e-01 1.963787e-06
-9.831025e-01 -1.813659e-01 2.481652e-02 -2.335110e-05 1.814198e-01 -9.834057e-01 -8.119184e-05 2.335110e-05 2.441944e-02 4.422388e-03 9.996920e-01 2.933080e-06
-9.831035e-01 -1.813554e-01 2.485334e-02 -2.392965e-05 1.814100e-01 -9.834076e-01 -6.009974e-05 2.392965e-05 2.445186e-02 4.449559e-03 9.996911e-01 4.752802e-06
-9.831063e-01 -1.813385e-01 2.486758e-02 -1.978854e-05 1.813918e-01 -9.834109e-01 -1.157735e-04 1.978854e-05 2.447605e-02 4.396957e-03 9.996907e-01 -2.299740e-06
-9.831095e-01 -1.813199e-01 2.487722e-02 -1.454599e-05 1.813738e-01 -9.834142e-01 -9.238366e-05 1.454599e-05 2.448136e-02 4.421252e-03 9.996905e-01 -6.438780e-07
-9.831105e-01 -1.813182e-01 2.484734e-02 -1.058268e-05 1.813727e-01 -9.834144e-01 -5.756116e-05 1.058268e-05 2.444566e-02 4.450040e-03 9.996913e-01 3.135421e-06
-9.831070e-01 -1.813433e-01 2.480474e-02 -6.359418e-06 1.813971e-01 -9.834099e-01 -8.315670e-05 6.359418e-06 2.440831e-02 4.417757e-03 9.996923e-01 1.561676e-06
-9.831043e-01 -1.813578e-01 2.480612e-02 -1.143687e-05 1.814122e-01 -9.834071e-01 -5.712026e-05 1.143687e-05 2.440487e-02 4.443978e-03 9.996923e-01 5.196930e-06
-9.831056e-01 -1.813520e-01 2.479665e-02 -4.164428e-07 1.814058e-01 -9.834083e-01 -8.238597e-05 4.164428e-07 2.440017e-02 4.417261e-03 9.996925e-01 2.089055e-06
-9.831084e-01 -1.813380e-01 2.478727e-02 5.423193e-06 1.813911e-01 -9.834110e-01 -1.090896e-04 -5.423193e-06 2.439586e-02 4.388943e-03 9.996927e-01 -1.600763e-06
-9.831110e-01 -1.813195e-01 2.482017e-02 7.996238e-06 1.813736e-01 -9.834143e-01 -7.220456e-05 -7.996238e-06 2.442160e-02 4.430739e-03 9.996919e-01 1.569373e-06
-9.831100e-01 -1.813208e-01 2.484852e-02 4.356003e-06 1.813744e-01 -9.834141e-01 -1.007936e-04 -4.356003e-06 2.445467e-02 4.407794e-03 9.996912e-01 -1.538689e-06
-9.831057e-01 -1.813432e-01 2.485581e-02 -4.085050e-06 1.813964e-01 -9.834100e-01 -1.151754e-04 4.085050e-06 2.446434e-02 4.395525e-03 9.996910e-01 -1.996353e-06
-9.831039e-01 -1.813544e-01 2.484644e-02 -1.482912e-05 1.814087e-01 -9.834078e-01 -7.018068e-05 1.482912e-05 2.444691e-02 4.438366e-03 9.996913e-01 3.579199e-06
-9.831064e-01 -1.813449e-01 2.481478e-02 -8.037435e-06 1.813990e-01 -9.834096e-01 -7.583420e-05 8.037435e-06 2.441684e-02 4.426821e-03 9.996921e-01 2.461062e-06
-9.831101e-01 -1.813268e-01 2.479982e-02 -4.870357e-06 1.813811e-01 -9.834129e-01 -6.116946e-05 4.870357e-06 2.439955e-02 4.438083e-03 9.996924e-01 3.165139e-06
-9.831112e-01 -1.813215e-01 2.479743e-02 -6.076640e-06 1.813757e-01 -9.834139e-01 -6.374422e-05 6.076640e-06 2.439770e-02 4.434983e-03 9.996925e-01 2.603595e-06
-9.831088e-01 -1.813327e-01 2.481016e-02 -1.133171e-05 1.813860e-01 -9.834120e-01 -1.018816e-04 1.133171e-05 2.441709e-02 4.400056e-03 9.996922e-01 -1.063592e-06
-9.831058e-01 -1.813444e-01 2.484326e-02 -1.904644e-05 1.813985e-01 -9.834097e-01 -7.735628e-05 1.904644e-05 2.444513e-02 4.430480e-03 9.996914e-01 2.268553e-06
-9.831064e-01 -1.813398e-01 2.485479e-02 -1.877839e-05 1.813941e-01 -9.834105e-01 -7.058913e-05 1.877839e-05 2.445526e-02 4.439115e-03 9.996911e-01 2.789768e-06
-9.831088e-01 -1.813272e-01 2.485133e-02 -1.412138e-05 1.813810e-01 -9.834129e-01 -9.307576e-05 1.412138e-05 2.445599e-02 4.416055e-03 9.996912e-01 -3.520872e-07
-9.831107e-01 -1.813192e-01 2.483216e-02 -9.222054e-06 1.813732e-01 -9.834143e-01 -7.910454e-05 9.222054e-06 2.443464e-02 4.426119e-03 9.996916e-01 7.874291e-07
-9.831106e-01 -1.813242e-01 2.479971e-02 -7.252360e-06 1.813774e-01 -9.834136e-01 -1.049900e-04 7.252360e-06 2.440741e-02 4.394890e-03 9.996924e-01 -1.847041e-06
-9.831081e-01 -1.813373e-01 2.480534e-02 -4.381139e-06 1.813911e-01 -9.834110e-01 -8.462108e-05 4.381139e-06 2.440919e-02 4.416275e-03 9.996923e-01 1.093029e-06
-9.831064e-01 -1.813443e-01 2.481931e-02 -8.314390e-06 1.813988e-01 -9.834096e-01 -5.535291e-05 8.314390e-06 2.441759e-02 4.447775e-03 9.996920e-01 4.705718e-06
-9.831069e-01 -1.813427e-01 2.481440e-02 7.676795e-07 1.813962e-01 -9.834101e-01 -9.722590e-05 -7.676795e-07 2.442037e-02 4.405654e-03 9.996921e-01 -3.514106e-08
-9.831095e-01 -1.813253e-01 2.483500e-02 4.354988e-06 1.813792e-01 -9.834132e-01 -8.241964e-05 -4.354988e-06 2.443801e-02 4.423526e-03 9.996916e-01 7.311416e-07
-9.831124e-01 -1.813082e-01 2.484515e-02 9.034700e-06 1.813621e-01 -9.834164e-01 -8.468413e-05 -9.034700e-06 2.444848e-02 4.422715e-03 9.996913e-01 -3.914816e-07
-9.831105e-01 -1.813183e-01 2.484651e-02 5.427763e-06 1.813720e-01 -9.834145e-01 -9.357397e-05 -5.427763e-06 2.445139e-02 4.414469e-03 9.996913e-01 -8.623543e-07
-9.831075e-01 -1.813341e-01 2.485214e-02 -5.590831e-07 1.813888e-01 -9.834115e-01 -5.284336e-05 5.590831e-07 2.444946e-02 4.455949e-03 9.996911e-01 4.473048e-06
-9.831059e-01 -1.813444e-01 2.483851e-02 -1.051217e-05 1.813980e-01 -9.834098e-01 -9.554624e-05 1.051217e-05 2.444376e-02 4.411724e-03 9.996915e-01 2.422101e-07
-9.831065e-01 -1.813433e-01 2.482521e-02 -8.657892e-06 1.813967e-01 -9.834100e-01 -1.040274e-04 8.657892e-06 2.443223e-02 4.400941e-03 9.996918e-01 -7.570870e-07
-9.831096e-01 -1.813269e-01 2.482184e-02 -7.404857e-06 1.813811e-01 -9.834129e-01 -6.613144e-05 7.404857e-06 2.442211e-02 4.437199e-03 9.996919e-01 2.620737e-06
-9.831110e-01 -1.813194e-01 2.481877e-02 -7.773154e-06 1.813731e-01 -9.834144e-01 -8.921563e-05 7.773154e-06 2.442331e-02 4.413747e-03 9.996920e-01 -3.315151e-07
-9.831094e-01 -1.813265e-01 2.483077e-02 -1.154596e-05 1.813807e-01 -9.834130e-01 -6.973664e-05 1.154596e-05 2.443154e-02 4.435263e-03 9.996917e-01 2.201162e-06
-9.831083e-01 -1.813317e-01 2.483743e-02 -1.408859e-05 1.813859e-01 -9.834120e-01 -7.412689e-05 1.408859e-05 2.443887e-02 4.432285e-03 9.996915e-01 1.982699e-06
-9.831075e-01 -1.813366e-01 2.483347e-02 -1.528493e-05 1.813897e-01 -9.834113e-01 -1.137173e-04 1.528493e-05 2.444214e-02 4.392741e-03 9.996916e-01 -2.177483e-06
-9.831102e-01 -1.813229e-01 2.482677e-02 -9.886617e-06 1.813778e-01 -9.834135e-01 -4.232869e-05 9.886617e-06 2.442266e-02 4.461412e-03 9.996918e-01 5.068571e-06
-9.831125e-01 -1.813134e-01 2.480305e-02 -3.968576e-06 1.813675e-01 -9.834154e-01 -6.934366e-05 3.968576e-06 2.440427e-02 4.430294e-03 9.996924e-01 1.571542e-06
-9.831101e-01 -1.813261e-01 2.480685e-02 -8.711873e-06 1.813793e-01 -9.834132e-01 -1.083207e-04 8.711873e-06 2.441502e-02 4.392956e-03 9.996923e-01 -2.118543e-06
-9.831074e-01 -1.813381e-01 2.482458e-02 -6.828723e-06 1.813922e-01 -9.834108e-01 -7.426069e-05 6.828723e-06 2.442622e-02 4.429979e-03 9.996918e-01 2.291113e-06
-9.831071e-01 -1.813389e-01 2.483186e-02 -7.891226e-06 1.813923e-01 -9.834108e-01 -1.020305e-04 7.891226e-06 2.443842e-02 4.404002e-03 9.996916e-01 -7.608036e-07
-9.831096e-01 -1.813210e-01 2.486284e-02 2.694395e-06 1.813756e-01 -9.834139e-01 -5.723545e-05 -2.694395e-06 2.446084e-02 4.453244e-03 9.996909e-01 3.318432e-06
-9.831123e-01 -1.813056e-01 2.486821e-02 7.320102e-06 1.813601e-01 -9.834168e-01 -6.600819e-05 -7.320102e-06 2.446779e-02 4.445207e-03 9.996907e-01 1.559044e-06
-9.831098e-01 -1.813221e-01 2.484850e-02 3.929976e-06 1.813747e-01 -9.834141e-01 -1.403125e-04 -3.929976e-06 2.446181e-02 4.368946e-03 9.996912e-01 -5.872916e-06
-9.831075e-01 -1.813339e-01 2.485389e-02 -6.873034e-07 1.813880e-01 -9.834116e-01 -7.924893e-05 6.873034e-07 2.445597e-02 4.430285e-03 9.996911e-01 1.525189e-06
-9.831084e-01 -1.813306e-01 2.484196e-02 1.766207e-06 1.813850e-01 -9.834122e-01 -6.630304e-05 -1.766207e-06 2.444191e-02 4.440775e-03 9.996914e-01 2.796071e-06
-9.831099e-01 -1.813255e-01 2.481927e-02 -1.928418e-06 1.813793e-01 -9.834132e-01 -8.433075e-05 1.928418e-06 2.442289e-02 4.418796e-03 9.996920e-01 5.252701e-07
-9.831127e-01 -1.813106e-01 2.481660e-02 3.453064e-06 1.813652e-01 -9.834158e-01 -4.973095e-05 -3.453064e-06 2.441406e-02 4.451977e-03 9.996920e-01 3.613076e-06
-9.831128e-01 -1.813089e-01 2.482607e-02 -1.752545e-06 1.813626e-01 -9.834163e-01 -9.148199e-05 1.752545e-06 2.443095e-02 4.412583e-03 9.996918e-01 -1.114004e-06
-9.831092e-01 -1.813253e-01 2.484839e-02 -1.312303e-05 1.813789e-01 -9.834133e-01 -9.817980e-05 1.312303e-05 2.445404e-02 4.410451e-03 9.996912e-01 -1.021305e-06
-9.831078e-01 -1.813347e-01 2.483464e-02 -1.479547e-05 1.813886e-01 -9.834115e-01 -8.379290e-05 1.479547e-05 2.443786e-02 4.422344e-03 9.996916e-01 1.059540e-06
-9.831083e-01 -1.813351e-01 2.481111e-02 -1.225340e-05 1.813879e-01 -9.834116e-01 -1.249151e-04 1.225340e-05 2.442218e-02 4.377629e-03 9.996921e-01 -3.504896e-06
-9.831117e-01 -1.813152e-01 2.482429e-02 -6.993070e-06 1.813694e-01 -9.834150e-01 -7.132894e-05 6.993070e-06 2.442551e-02 4.432242e-03 9.996918e-01 1.449923e-06
-9.831147e-01 -1.813010e-01 2.480752e-02 -2.718905e-07 1.813556e-01 -9.834176e-01 -5.047247e-05 2.718905e-07 2.440531e-02 4.449364e-03 9.996922e-01 3.042591e-06
-9.831121e-01 -1.813186e-01 2.478273e-02 -3.460532e-06 1.813720e-01 -9.834145e-01 -9.462707e-05 3.460532e-06 2.438886e-02 4.401865e-03 9.996929e-01 -9.783520e-07
-9.831095e-01 -1.813297e-01 2.480422e-02 -9.639592e-06 1.813839e-01 -9.834124e-01 -6.451573e-05 9.639592e-06 2.440447e-02 4.435660e-03 9.996923e-01 2.939244e-06
-9.831098e-01 -1.813251e-01 2.482468e-02 -2.403763e-06 1.813789e-01 -9.834133e-01 -8.710179e-05 2.403763e-06 2.442872e-02 4.417043e-03 9.996918e-01 1.980856e-07
-9.831113e-01 -1.813160e-01 2.483118e-02 -5.201307e-08 1.813697e-01 -9.834150e-01 -9.440453e-05 5.201307e-08 2.443648e-02 4.410813e-03 9.996917e-01 -1.076302e-06
-9.831130e-01 -1.813070e-01 2.483237e-02 1.065319e-05 1.813616e-01 -9.834165e-01 -5.680466e-05 -1.065319e-05 2.443086e-02 4.447791e-03 9.996916e-01 2.649202e-06
-9.831124e-01 -1.813102e-01 2.483244e-02 9.794443e-06 1.813636e-01 -9.834161e-01 -1.005458e-04 -9.794443e-06 2.443885e-02 4.404854e-03 9.996916e-01 -2.058369e-06
-9.831112e-01 -1.813150e-01 2.484226e-02 7.031044e-06 1.813687e-01 -9.834152e-01 -9.540373e-05 -7.031044e-06 2.444756e-02 4.411816e-03 9.996914e-01 -1.235852e-06
-9.831106e-01 -1.813209e-01 2.482312e-02 7.184718e-06 1.813748e-01 -9.834140e-01 -8.077686e-05 -7.184718e-06 2.442605e-02 4.422877e-03 9.996919e-01 6.884393e-07
-9.831100e-01 -1.813282e-01 2.479592e-02 7.767023e-06 1.813813e-01 -9.834128e-01 -1.112411e-04 -7.767023e-06 2.440480e-02 4.388153e-03 9.996925e-01 -2.335242e-06
-9.831118e-01 -1.813169e-01 2.480513e-02 2.579456e-06 1.813710e-01 -9.834147e-01 -7.143950e-05 -2.579456e-06 2.440668e-02 4.428698e-03 9.996923e-01 1.519996e-06
-9.831132e-01 -1.813088e-01 2.481176e-02 4.615313e-06 1.813625e-01 -9.834163e-01 -8.511248e-05 -4.615313e-06 2.441572e-02 4.416249e-03 9.996921e-01 -4.171949e-07
-9.831131e-01 -1.813085e-01 2.481592e-02 -4.554899e-07 1.813622e-01 -9.834164e-01 -8.922025e-05 4.554899e-07 2.442056e-02 4.412957e-03 9.996920e-01 -8.850104e-07
-9.831124e-01 -1.813089e-01 2.484186e-02 -6.824367e-06 1.813636e-01 -9.834161e-01 -5.339175e-05 6.824367e-06 2.443956e-02 4.452919e-03 9.996914e-01 3.127249e-06
-9.831106e-01 -1.813176e-01 2.484983e-02 -1.066831e-05 1.813708e-01 -9.834148e-01 -1.132352e-04 1.066831e-05 2.445823e-02 4.395712e-03 9.996912e-01 -3.088653e-06
-9.831108e-01 -1.813183e-01 2.483767e-02 -9.533870e-06 1.813718e-01 -9.834146e-01 -1.013897e-04 9.533870e-06 2.444411e-02 4.405174e-03 9.996915e-01 -1.737438e-06
-9.831129e-01 -1.813089e-01 2.482317e-02 -4.699526e-06 1.813632e-01 -9.834162e-01 -6.401508e-05 4.699526e-06 2.442311e-02 4.439075e-03 9.996919e-01 1.938692e-06
-9.831133e-01 -1.813076e-01 2.481428e-02 -3.272936e-06 1.813613e-01 -9.834165e-01 -9.102431e-05 3.272936e-06 2.441928e-02 4.410862e-03 9.996921e-01 -1.132417e-06
-9.831133e-01 -1.813083e-01 2.480951e-02 -2.946647e-06 1.813622e-01 -9.834164e-01 -7.662713e-05 2.946647e-06 2.441197e-02 4.424174e-03 9.996922e-01 5.003535e-07
-9.831135e-01 -1.813102e-01 2.478821e-02 -1.209618e-06 1.813635e-01 -9.834161e-01 -1.015548e-04 1.209618e-06 2.439554e-02 4.395836e-03 9.996927e-01 -2.178673e-06
-9.831127e-01 -1.813133e-01 2.479802e-02 4.616903e-06 1.813668e-01 -9.834155e-01 -9.556560e-05 -4.616903e-06 2.440409e-02 4.403585e-03 9.996925e-01 -1.351913e-06
-9.831136e-01 -1.813047e-01 2.482659e-02 4.339498e-06 1.813597e-01 -9.834168e-01 -3.317211e-05 -4.339498e-06 2.442090e-02 4.469932e-03 9.996918e-01 5.156534e-06
-9.831135e-01 -1.813071e-01 2.481048e-02 1.332585e-05 1.813608e-01 -9.834166e-01 -8.662536e-05 -1.332585e-05 2.441475e-02 4.414486e-03 9.996922e-01 -6.721020e-07
-9.831136e-01 -1.813062e-01 2.481433e-02 1.318918e-05 1.813596e-01 -9.834168e-01 -1.014266e-04 -1.318918e-05 2.442122e-02 4.400602e-03 9.996921e-01 -2.363082e-06
-9.831144e-01 -1.812994e-01 2.483238e-02 1.346419e-05 1.813537e-01 -9.834179e-01 -6.820499e-05 -1.346419e-05 2.443298e-02 4.436390e-03 9.996916e-01 9.911949e-07
-9.831138e-01 -1.813052e-01 2.481260e-02 1.371958e-05 1.813584e-01 -9.834171e-01 -1.092933e-04 -1.371958e-05 2.442095e-02 4.392525e-03 9.996921e-01 -3.289295e-06
-9.831134e-01 -1.813089e-01 2.480123e-02 1.375770e-05 1.813627e-01 -9.834163e-01 -8.020597e-05 -1.375770e-05 2.440447e-02 4.419165e-03 9.996924e-01 1.319215e-07
-9.831137e-01 -1.813072e-01 2.480137e-02 6.331525e-06 1.813612e-01 -9.834166e-01 -7.190464e-05 -6.331525e-06 2.440312e-02 4.427316e-03 9.996924e-01 9.685105e-07
-9.831139e-01 -1.813051e-01 2.480782e-02 6.301906e-06 1.813585e-01 -9.834170e-01 -9.918879e-05 -6.301906e-06 2.441442e-02 4.401595e-03 9.996922e-01 -2.170510e-06
-9.831149e-01 -1.812987e-01 2.481541e-02 2.925467e-06 1.813528e-01 -9.834181e-01 -7.107696e-05 -2.925467e-06 2.441681e-02 4.430467e-03 9.996920e-01 6.306633e-07
-9.831146e-01 -1.813010e-01 2.481238e-02 -8.080047e-07 1.813544e-01 -9.834178e-01 -1.001117e-04 8.080047e-07 2.441909e-02 4.401414e-03 9.996921e-01 -2.481434e-06
-9.831137e-01 -1.813038e-01 2.482628e-02 -3.339953e-06 1.813572e-01 -9.834173e-01 -1.028959e-04 3.339953e-06 2.443325e-02 4.401268e-03 9.996918e-01 -2.643663e-06
-9.831140e-01 -1.813016e-01 2.483271e-02 -3.313651e-06 1.813562e-01 -9.834175e-01 -5.503967e-05 3.313651e-06 2.443090e-02 4.449456e-03 9.996916e-01 2.571153e-06
-9.831143e-01 -1.813031e-01 2.480853e-02 -1.079486e-06 1.813568e-01 -9.834174e-01 -8.810361e-05 1.079486e-06 2.441311e-02 4.412578e-03 9.996922e-01 -1.040037e-06
-9.831148e-01 -1.813002e-01 2.481095e-02 -3.533100e-07 1.813539e-01 -9.834179e-01 -8.477451e-05 3.533100e-07 2.441490e-02 4.416219e-03 9.996922e-01 -8.190414e-07
-9.831148e-01 -1.812995e-01 2.481342e-02 -3.956393e-07 1.813534e-01 -9.834180e-01 -7.794235e-05 3.956393e-07 2.441609e-02 4.423371e-03 9.996921e-01 -9.363558e-08
-9.831142e-01 -1.813074e-01 2.478117e-02 5.308159e-07 1.813607e-01 -9.834166e-01 -1.003013e-04 -5.308159e-07 2.438840e-02 4.395722e-03 9.996929e-01 -2.182528e-06
-9.831146e-01 -1.813040e-01 2.478888e-02 8.823858e-06 1.813581e-01 -9.834171e-01 -6.726538e-05 -8.823858e-06 2.439001e-02 4.429534e-03 9.996927e-01 1.319018e-06
-9.831147e-01 -1.812991e-01 2.482213e-02 6.726827e-06 1.813528e-01 -9.834181e-01 -9.009474e-05 -6.726827e-06 2.442687e-02 4.412989e-03 9.996919e-01 -1.461024e-06
-9.831145e-01 -1.813018e-01 2.481048e-02 1.496372e-05 1.813550e-01 -9.834177e-01 -1.084395e-04 -1.496372e-05 2.441873e-02 4.392895e-03 9.996922e-01 -3.368683e-06
-9.831150e-01 -1.813016e-01 2.479274e-02 1.717512e-05 1.813557e-01 -9.834176e-01 -7.036340e-05 -1.717512e-05 2.439437e-02 4.427128e-03 9.996926e-01 8.560831e-07
-9.831148e-01 -1.813003e-01 2.481027e-02 1.566145e-05 1.813537e-01 -9.834179e-01 -9.892746e-05 -1.566145e-05 2.441680e-02 4.402176e-03 9.996922e-01 -2.387849e-06
-9.831146e-01 -1.812996e-01 2.482096e-02 1.467196e-05 1.813533e-01 -9.834180e-01 -8.941014e-05 -1.467196e-05 2.442559e-02 4.413464e-03 9.996919e-01 -1.358985e-06
-9.831147e-01 -1.813023e-01 2.479996e-02 1.612441e-05 1.813564e-01 -9.834174e-01 -6.951370e-05 -1.612441e-05 2.440132e-02 4.429293e-03 9.996924e-01 9.872898e-07
-9.831143e-01 -1.813066e-01 2.478322e-02 8.569767e-06 1.813595e-01 -9.834169e-01 -1.162317e-04 -8.569767e-06 2.439331e-02 4.380403e-03 9.996928e-01 -3.996723e-06
-9.831150e-01 -1.812989e-01 2.481235e-02 7.904832e-06 1.813527e-01 -9.834181e-01 -8.496329e-05 -7.904832e-06 2.441632e-02 4.416257e-03 9.996921e-01 -9.032952e-07
-9.831158e-01 -1.812936e-01 2.481919e-02 4.220537e-06 1.813478e-01 -9.834190e-01 -6.796838e-05 -4.220537e-06 2.441998e-02 4.434084e-03 9.996920e-01 7.185140e-07
-9.831150e-01 -1.812996e-01 2.480650e-02 3.368623e-07 1.813527e-01 -9.834181e-01 -1.119873e-04 -3.368623e-07 2.441546e-02 4.388628e-03 9.996923e-01 -3.876978e-06
-9.831149e-01 -1.812990e-01 2.481507e-02 -4.215153e-07 1.813530e-01 -9.834181e-01 -7.472840e-05 4.215153e-07 2.441714e-02 4.426822e-03 9.996921e-01 2.401740e-07
-9.831151e-01 -1.812970e-01 2.482223e-02 -5.377137e-07 1.813505e-01 -9.834185e-01 -9.393661e-05 5.377137e-07 2.442767e-02 4.409174e-03 9.996919e-01 -1.998847e-06
-9.831150e-01 -1.812982e-01 2.481719e-02 -3.843923e-07 1.813511e-01 -9.834184e-01 -1.211199e-04 3.843923e-07 2.442764e-02 4.381550e-03 9.996920e-01 -4.962869e-06
-9.831156e-01 -1.812966e-01 2.480417e-02 1.629497e-06 1.813508e-01 -9.834185e-01 -6.628624e-05 -1.629497e-06 2.440490e-02 4.433088e-03 9.996923e-01 1.054573e-06
-9.831158e-01 -1.812962e-01 2.479972e-02 2.251735e-06 1.813496e-01 -9.834187e-01 -9.739612e-05 -2.251735e-06 2.440617e-02 4.401669e-03 9.996924e-01 -2.426788e-06
-9.831158e-01 -1.812937e-01 2.481650e-02 1.218683e-06 1.813474e-01 -9.834191e-01 -8.963179e-05 -1.218683e-06 2.442127e-02 4.412288e-03 9.996920e-01 -1.687558e-06
-9.831162e-01 -1.812920e-01 2.481386e-02 1.008566e-05 1.813458e-01 -9.834194e-01 -8.396694e-05 -1.008566e-05 2.441765e-02 4.417339e-03 9.996921e-01 -1.145128e-06
-9.831161e-01 -1.812945e-01 2.480139e-02 1.064157e-05 1.813468e-01 -9.834192e-01 -1.424446e-04 -1.064157e-05 2.441599e-02 4.357613e-03 9.996924e-01 -7.527529e-06
-9.831170e-01 -1.812864e-01 2.482354e-02 1.887655e-05 1.813402e-01 -9.834204e-01 -8.667942e-05 -1.887655e-05 2.442769e-02 4.416289e-03 9.996918e-01 -1.728437e-06
-9.831179e-01 -1.812834e-01 2.481038e-02 2.140395e-05 1.813373e-01 -9.834210e-01 -7.614485e-05 -2.140395e-05 2.441285e-02 4.424189e-03 9.996922e-01 -7.153844e-07
-9.831161e-01 -1.812967e-01 2.478295e-02 1.994781e-05 1.813500e-01 -9.834186e-01 -1.017415e-04 -1.994781e-05 2.439046e-02 4.394363e-03 9.996929e-01 -2.887865e-06
-9.831154e-01 -1.812990e-01 2.479479e-02 1.785384e-05 1.813529e-01 -9.834181e-01 -7.637359e-05 -1.785384e-05 2.439749e-02 4.421522e-03 9.996926e-01 5.112117e-08
-9.831167e-01 -1.812913e-01 2.480031e-02 1.983638e-05 1.813444e-01 -9.834197e-01 -1.118150e-04 -1.983638e-05 2.440938e-02 4.387468e-03 9.996924e-01 -4.281184e-06
-9.831171e-01 -1.812899e-01 2.479304e-02 1.316117e-05 1.813429e-01 -9.834199e-01 -1.106618e-04 -1.316117e-05 2.440203e-02 4.387248e-03 9.996926e-01 -4.228791e-06
-9.831175e-01 -1.812878e-01 2.479543e-02 1.360522e-05 1.813415e-01 -9.834202e-01 -8.128495e-05 -1.360522e-05 2.439906e-02 4.416528e-03 9.996925e-01 -1.066309e-06
-9.831175e-01 -1.812850e-01 2.481450e-02 7.665133e-06 1.813385e-01 -9.834207e-01 -9.685029e-05 -7.665133e-06 2.442065e-02 4.404608e-03 9.996921e-01 -2.934906e-06
-9.831167e-01 -1.812861e-01 2.483646e-02 1.539818e-06 1.813400e-01 -9.834205e-01 -8.597221e-05 -1.539818e-06 2.444027e-02 4.419322e-03 9.996915e-01 -1.661630e-06
-9.831160e-01 -1.812923e-01 2.482065e-02 1.233563e-06 1.813455e-01 -9.834194e-01 -1.092621e-04 -1.233563e-06 2.442892e-02 4.393695e-03 9.996919e-01 -3.943628e-06
-9.831158e-01 -1.812958e-01 2.480259e-02 2.082255e-06 1.813484e-01 -9.834189e-01 -1.299560e-04 -2.082255e-06 2.441490e-02 4.370149e-03 9.996924e-01 -6.072359e-06
-9.831174e-01 -1.812857e-01 2.481240e-02 4.403219e-06 1.813400e-01 -9.834205e-01 -6.090951e-05 -4.403219e-06 2.441207e-02 4.439601e-03 9.996921e-01 1.098637e-06
-9.831187e-01 -1.812797e-01 2.480661e-02 7.085947e-06 1.813334e-01 -9.834217e-01 -8.554561e-05 -7.085947e-06 2.441087e-02 4.414167e-03 9.996923e-01 -1.947670e-06
-9.831177e-01 -1.812856e-01 2.480235e-02 5.569046e-06 1.813387e-01 -9.834207e-01 -1.093104e-04 -5.569046e-06 2.441096e-02 4.390161e-03 9.996924e-01 -4.293602e-06
-9.831171e-01 -1.812884e-01 2.480501e-02 4.314349e-06 1.813420e-01 -9.834201e-01 -9.120951e-05 -4.314349e-06 2.441028e-02 4.408519e-03 9.996923e-01 -2.135532e-06
-9.831162e-01 -1.812932e-01 2.480510e-02 1.067525e-05 1.813458e-01 -9.834194e-01 -1.292893e-04 -1.067525e-05 2.441726e-02 4.371195e-03 9.996923e-01 -6.130232e-06
-9.831171e-01 -1.812867e-01 2.481830e-02 1.137352e-05 1.813406e-01 -9.834203e-01 -8.085253e-05 -1.137352e-05 2.442148e-02 4.421079e-03 9.996920e-01 -1.064663e-06
-9.831188e-01 -1.812790e-01 2.480437e-02 2.356157e-05 1.813331e-01 -9.834217e-01 -7.013944e-05 -2.356157e-05 2.440588e-02 4.428899e-03 9.996923e-01 -2.707363e-07
-9.831179e-01 -1.812858e-01 2.479117e-02 2.274416e-05 1.813384e-01 -9.834207e-01 -1.282888e-04 -2.274416e-05 2.440341e-02 4.369468e-03 9.996926e-01 -6.398285e-06
-9.831176e-01 -1.812856e-01 2.480490e-02 2.125727e-05 1.813391e-01 -9.834206e-01 -9.349786e-05 -2.125727e-05 2.441060e-02 4.406180e-03 9.996923e-01 -2.532966e-06
-9.831193e-01 -1.812782e-01 2.479270e-02 2.516472e-05 1.813317e-01 -9.834220e-01 -9.027942e-05 -2.516472e-05 2.439805e-02 4.406947e-03 9.996926e-01 -2.556483e-06
-9.831178e-01 -1.812881e-01 2.478117e-02 2.309768e-05 1.813410e-01 -9.834203e-01 -1.121634e-04 -2.309768e-05 2.439063e-02 4.383572e-03 9.996929e-01 -4.489522e-06
-9.831171e-01 -1.812895e-01 2.479681e-02 1.285063e-05 1.813433e-01 -9.834199e-01 -8.221521e-05 -1.285063e-05 2.440058e-02 4.415908e-03 9.996925e-01 -1.079790e-06
-9.831178e-01 -1.812858e-01 2.479531e-02 1.429792e-05 1.813386e-01 -9.834207e-01 -1.177145e-04 -1.429792e-05 2.440556e-02 4.380620e-03 9.996925e-01 -5.221977e-06
-9.831183e-01 -1.812830e-01 2.479586e-02 1.041520e-05 1.813361e-01 -9.834212e-01 -1.120420e-04 -1.041520e-05 2.440508e-02 4.386232e-03 9.996925e-01 -4.729173e-06
-9.831194e-01 -1.812751e-01 2.481259e-02 7.985262e-06 1.813291e-01 -9.834225e-01 -7.480235e-05 -7.985262e-06 2.441481e-02 4.425704e-03 9.996921e-01 -9.866580e-07
-9.831187e-01 -1.812780e-01 2.481762e-02 6.423690e-06 1.813312e-01 -9.834221e-01 -1.098636e-04 -6.423690e-06 2.442612e-02 4.392200e-03 9.996920e-01 -4.738095e-06
-9.831175e-01 -1.812843e-01 2.481826e-02 4.219451e-06 1.813378e-01 -9.834209e-01 -9.476987e-05 -4.219451e-06 2.442397e-02 4.407319e-03 9.996920e-01 -2.738501e-06
-9.831179e-01 -1.812828e-01 2.481325e-02 5.296660e-06 1.813361e-01 -9.834212e-01 -1.012623e-04 -5.296660e-06 2.442024e-02 4.399987e-03 9.996921e-01 -3.538882e-06
-9.831180e-01 -1.812827e-01 2.480965e-02 5.741893e-06 1.813355e-01 -9.834213e-01 -1.236538e-04 -5.741893e-06 2.442075e-02 4.377303e-03 9.996922e-01 -6.037436e-06
-9.831183e-01 -1.812803e-01 2.481476e-02 5.967178e-06 1.813343e-01 -9.834215e-01 -7.628912e-05 -5.967178e-06 2.441719e-02 4.424765e-03 9.996921e-01 -8.856862e-07
-9.831190e-01 -1.812772e-01 2.480992e-02 7.571992e-06 1.813307e-01 -9.834222e-01 -9.313696e-05 -7.571992e-06 2.441551e-02 4.407237e-03 9.996922e-01 -2.920276e-06
-9.831186e-01 -1.812790e-01 2.481482e-02 1.441011e-05 1.813319e-01 -9.834220e-01 -1.201530e-04 -1.441011e-05 2.442522e-02 4.381593e-03 9.996921e-01 -5.835530e-06
-9.831191e-01 -1.812762e-01 2.481333e-02 1.553072e-05 1.813298e-01 -9.834223e-01 -9.114595e-05 -1.553072e-05 2.441851e-02 4.409788e-03 9.996921e-01 -2.751639e-06
-9.831189e-01 -1.812808e-01 2.478838e-02 2.473981e-05 1.813339e-01 -9.834216e-01 -1.094994e-04 -2.473981e-05 2.439728e-02 4.387323e-03 9.996927e-01 -4.559047e-06
-9.831192e-01 -1.812801e-01 2.478178e-02 2.574129e-05 1.813333e-01 -9.834217e-01 -1.002358e-04 -2.574129e-05 2.438911e-02 4.395219e-03 9.996929e-01 -3.569129e-06
-9.831209e-01 -1.812720e-01 2.477411e-02 2.935059e-05 1.813254e-01 -9.834231e-01 -9.368275e-05 -2.935059e-05 2.438042e-02 4.400075e-03 9.996931e-01 -3.253235e-06
-9.831212e-01 -1.812738e-01 2.475070e-02 3.138330e-05 1.813267e-01 -9.834229e-01 -1.113412e-04 -3.138330e-05 2.436059e-02 4.378499e-03 9.996936e-01 -5.132455e-06
-9.831222e-01 -1.812686e-01 2.474734e-02 3.352919e-05 1.813226e-01 -9.834237e-01 -6.589035e-05 -3.352919e-05 2.434906e-02 4.422472e-03 9.996937e-01 -3.407319e-07
-9.831225e-01 -1.812658e-01 2.475524e-02 2.560363e-05 1.813194e-01 -9.834243e-01 -8.237608e-05 -2.560363e-05 2.435984e-02 4.407620e-03 9.996935e-01 -2.316726e-06
-9.831205e-01 -1.812738e-01 2.477713e-02 2.041551e-05 1.813267e-01 -9.834229e-01 -1.135557e-04 -2.041551e-05 2.438698e-02 4.381116e-03 9.996930e-01 -5.373012e-06
-9.831196e-01 -1.812763e-01 2.479536e-02 1.279011e-05 1.813300e-01 -9.834223e-01 -8.292058e-05 -1.279011e-05 2.439934e-02 4.414621e-03 9.996925e-01 -1.835169e-06
-9.831190e-01 -1.812794e-01 2.479628e-02 8.346816e-06 1.813324e-01 -9.834219e-01 -1.141341e-04 -8.346816e-06 2.440589e-02 4.384161e-03 9.996925e-01 -5.145501e-06
-9.831189e-01 -1.812762e-01 2.482121e-02 6.626354e-06 1.813296e-01 -9.834224e-01 -1.041443e-04 -6.626354e-06 2.442861e-02 4.398433e-03 9.996919e-01 -4.191213e-06
-9.831202e-01 -1.812680e-01 2.483070e-02 8.345378e-06 1.813219e-01 -9.834238e-01 -8.532282e-05 -8.345378e-06 2.443457e-02 4.418466e-03 9.996917e-01 -2.512610e-06
-9.831204e-01 -1.812708e-01 2.480402e-02 1.040530e-05 1.813234e-01 -9.834235e-01 -1.311066e-04 -1.040530e-05 2.441662e-02 4.368657e-03 9.996923e-01 -7.471896e-06
-9.831206e-01 -1.812702e-01 2.479796e-02 1.132104e-05 1.813237e-01 -9.834235e-01 -9.153017e-05 -1.132104e-05 2.440348e-02 4.406472e-03 9.996925e-01 -3.104137e-06
-9.831190e-01 -1.812777e-01 2.480828e-02 7.584408e-06 1.813310e-01 -9.834221e-01 -1.035737e-04 -7.584408e-06 2.441579e-02 4.396685e-03 9.996922e-01 -4.056314e-06
-9.831149e-01 -1.812976e-01 2.482301e-02 -8.552553e-07 1.813503e-01 -9.834186e-01 -1.318260e-04 8.552553e-07 2.443531e-02 4.372060e-03 9.996919e-01 -6.180812e-06
-9.831143e-01 -1.812960e-01 2.485872e-02 3.650984e-06 1.813500e-01 -9.834186e-01 -8.318341e-05 -3.650984e-06 2.446161e-02 4.426351e-03 9.996910e-01 -8.416083e-07
-9.831177e-01 -1.812751e-01 2.487998e-02 8.383352e-06 1.813284e-01 -9.834226e-01 -1.136488e-04 -8.383352e-06 2.448814e-02 4.399718e-03 9.996904e-01 -5.296158e-06
-9.831233e-01 -1.812456e-01 2.487010e-02 2.752053e-05 1.812994e-01 -9.834280e-01 -9.455784e-05 -2.752053e-05 2.447509e-02 4.415971e-03 9.996907e-01 -4.677272e-06
-9.831260e-01 -1.812366e-01 2.483243e-02 3.481924e-05 1.812912e-01 -9.834295e-01 -5.567775e-05 -3.481924e-05 2.443103e-02 4.447162e-03 9.996916e-01 -8.171512e-07
-9.831224e-01 -1.812613e-01 2.479297e-02 3.088035e-05 1.813148e-01 -9.834251e-01 -8.975173e-05 -3.088035e-05 2.439830e-02 4.407096e-03 9.996926e-01 -3.359682e-06
-9.831191e-01 -1.812813e-01 2.477872e-02 2.568487e-05 1.813349e-01 -9.834214e-01 -8.318893e-05 -2.568487e-05 2.438301e-02 4.411463e-03 9.996930e-01 -1.612378e-06
-9.831171e-01 -1.812949e-01 2.475835e-02 2.335132e-05 1.813479e-01 -9.834190e-01 -1.070625e-04 -2.335132e-05 2.436724e-02 4.384618e-03 9.996935e-01 -3.579300e-06
-9.831173e-01 -1.812928e-01 2.476628e-02 1.517546e-05 1.813450e-01 -9.834195e-01 -1.418898e-04 -1.517546e-05 2.438137e-02 4.351747e-03 9.996933e-01 -7.559684e-06
-9.831204e-01 -1.812674e-01 2.482580e-02 1.709090e-05 1.813210e-01 -9.834240e-01 -9.394278e-05 -1.709090e-05 2.443132e-02 4.409083e-03 9.996918e-01 -3.504034e-06
-9.831224e-01 -1.812532e-01 2.485094e-02 1.434658e-05 1.813066e-01 -9.834266e-01 -1.050137e-04 -1.434658e-05 2.445811e-02 4.402399e-03 9.996912e-01 -5.456767e-06
-9.831205e-01 -1.812656e-01 2.483512e-02 8.673415e-06 1.813183e-01 -9.834244e-01 -1.317767e-04 -8.673415e-06 2.444735e-02 4.373509e-03 9.996916e-01 -7.805819e-06
-9.831194e-01 -1.812742e-01 2.481755e-02 7.717831e-06 1.813282e-01 -9.834226e-01 -7.945742e-05 -7.717831e-06 2.442054e-02 4.422004e-03 9.996920e-01 -1.547272e-06
-9.831187e-01 -1.812821e-01 2.478740e-02 8.451044e-06 1.813352e-01 -9.834213e-01 -1.067541e-04 -8.451044e-06 2.439581e-02 4.389876e-03 9.996927e-01 -4.191535e-06
-9.831210e-01 -1.812704e-01 2.478058e-02 1.318074e-05 1.813240e-01 -9.834234e-01 -8.530887e-05 -1.318074e-05 2.438526e-02 4.409445e-03 9.996929e-01 -2.400468e-06
-9.831240e-01 -1.812552e-01 2.477324e-02 1.919075e-05 1.813094e-01 -9.834261e-01 -6.038096e-05 -1.919075e-05 2.437359e-02 4.432259e-03 9.996931e-01 -4.056325e-07
-9.831237e-01 -1.812572e-01 2.477161e-02 1.870429e-05 1.813101e-01 -9.834260e-01 -1.114772e-04 -1.870429e-05 2.438125e-02 4.381747e-03 9.996931e-01 -5.990993e-06
-9.831215e-01 -1.812621e-01 2.482234e-02 1.132345e-05 1.813155e-01 -9.834250e-01 -9.845139e-05 -1.132345e-05 2.442875e-02 4.403885e-03 9.996919e-01 -4.281877e-06
-9.831189e-01 -1.812701e-01 2.486670e-02 1.155957e-05 1.813235e-01 -9.834235e-01 -1.112755e-04 -1.155957e-05 2.447467e-02 4.399520e-03 9.996908e-01 -5.286400e-06
-9.831170e-01 -1.812810e-01 2.486132e-02 8.458788e-06 1.813334e-01 -9.834217e-01 -1.516575e-04 -8.458788e-06 2.447666e-02 4.359091e-03 9.996909e-01 -9.225643e-06
-9.831192e-01 -1.812700e-01 2.485526e-02 2.088613e-05 1.813238e-01 -9.834234e-01 -9.179948e-05 -2.088613e-05 2.445988e-02 4.416600e-03 9.996911e-01 -3.127988e-06
-9.831217e-01 -1.812591e-01 2.483757e-02 2.658130e-05 1.813125e-01 -9.834255e-01 -1.054947e-04 -2.658130e-05 2.444502e-02 4.399648e-03 9.996915e-01 -5.211049e-06
-9.831212e-01 -1.812654e-01 2.481080e-02 2.747044e-05 1.813183e-01 -9.834245e-01 -1.193996e-04 -2.747044e-05 2.442119e-02 4.381268e-03 9.996922e-01 -6.445198e-06
-9.831208e-01 -1.812696e-01 2.479495e-02 2.784104e-05 1.813232e-01 -9.834235e-01 -8.439340e-05 -2.784104e-05 2.439923e-02 4.412931e-03 9.996926e-01 -2.340276e-06
-9.831212e-01 -1.812689e-01 2.478454e-02 2.925099e-05 1.813214e-01 -9.834239e-01 -1.305348e-04 -2.925099e-05 2.439737e-02 4.365635e-03 9.996928e-01 -7.512671e-06
-9.831225e-01 -1.812602e-01 2.479745e-02 2.274877e-05 1.813137e-01 -9.834253e-01 -9.346141e-05 -2.274877e-05 2.440338e-02 4.404233e-03 9.996925e-01 -3.825671e-06
-9.831228e-01 -1.812577e-01 2.480334e-02 2.293369e-05 1.813115e-01 -9.834257e-01 -8.177809e-05 -2.293369e-05 2.440707e-02 4.416734e-03 9.996923e-01 -2.651699e-06
-9.831216e-01 -1.812625e-01 2.481523e-02 1.521943e-05 1.813150e-01 -9.834251e-01 -1.387816e-04 -1.521943e-05 2.442908e-02 4.362935e-03 9.996920e-01 -8.745725e-06
-9.831227e-01 -1.812556e-01 2.482371e-02 1.336617e-05 1.813089e-01 -9.834262e-01 -1.053867e-04 -1.336617e-05 2.443139e-02 4.397152e-03 9.996918e-01 -5.382358e-06
-9.831242e-01 -1.812501e-01 2.480210e-02 1.768573e-05 1.813031e-01 -9.834273e-01 -1.129363e-04 -1.768573e-05 2.441153e-02 4.385667e-03 9.996924e-01 -6.509482e-06
-9.831229e-01 -1.812528e-01 2.483655e-02 1.286593e-05 1.813059e-01 -9.834267e-01 -1.174520e-04 -1.286593e-05 2.444622e-02 4.387543e-03 9.996915e-01 -6.864053e-06
-9.831206e-01 -1.812618e-01 2.486211e-02 6.914547e-06 1.813159e-01 -9.834249e-01 -7.933507e-05 -6.914547e-06 2.446440e-02 4.429902e-03 9.996909e-01 -2.156560e-06
-9.831185e-01 -1.812803e-01 2.480826e-02 6.693636e-06 1.813334e-01 -9.834217e-01 -1.111590e-04 -6.693636e-06 2.441713e-02 4.389284e-03 9.996922e-01 -4.766429e-06
-9.831199e-01 -1.812712e-01 2.481888e-02 8.592224e-06 1.813239e-01 -9.834234e-01 -1.286171e-04 -8.592224e-06 2.443078e-02 4.373811e-03 9.996920e-01 -7.171096e-06
-9.831236e-01 -1.812471e-01 2.484943e-02 1.337459e-05 1.813002e-01 -9.834278e-01 -1.162327e-04 -1.337459e-05 2.445869e-02 4.390935e-03 9.996912e-01 -7.019554e-06
-9.831266e-01 -1.812345e-01 2.482298e-02 2.863284e-05 1.812868e-01 -9.834303e-01 -1.450060e-04 -2.863284e-05 2.443795e-02 4.357520e-03 9.996919e-01 -1.086999e-05
-9.831265e-01 -1.812376e-01 2.480252e-02 2.987502e-05 1.812910e-01 -9.834295e-01 -9.805064e-05 -2.987502e-05 2.440930e-02 4.400077e-03 9.996924e-01 -5.489629e-06
-9.831247e-01 -1.812463e-01 2.481217e-02 3.381828e-05 1.813007e-01 -9.834277e-01 -5.912515e-05 -3.381828e-05 2.441169e-02 4.440335e-03 9.996921e-01 -7.129780e-07
-9.831204e-01 -1.812650e-01 2.484546e-02 2.368393e-05 1.813186e-01 -9.834244e-01 -9.702767e-05 -2.368393e-05 2.445122e-02 4.409555e-03 9.996913e-01 -3.966085e-06
-9.831184e-01 -1.812742e-01 2.485842e-02 1.909631e-05 1.813278e-01 -9.834227e-01 -1.005249e-04 -1.909631e-05 2.446456e-02 4.408695e-03 9.996910e-01 -3.883720e-06
-9.831216e-01 -1.812582e-01 2.484934e-02 2.558397e-05 1.813114e-01 -9.834257e-01 -1.141435e-04 -2.558397e-05 2.445817e-02 4.393251e-03 9.996912e-01 -6.219884e-06
-9.831261e-01 -1.812296e-01 2.487650e-02 3.222726e-05 1.812829e-01 -9.834310e-01 -1.165471e-04 -3.222726e-05 2.448544e-02 4.395102e-03 9.996905e-01 -7.936690e-06
-9.831258e-01 -1.812283e-01 2.490037e-02 2.199954e-05 1.812817e-01 -9.834312e-01 -1.132795e-04 -2.199954e-05 2.450833e-02 4.402615e-03 9.996899e-01 -7.636105e-06
-9.831224e-01 -1.812504e-01 2.487252e-02 1.761929e-05 1.813034e-01 -9.834272e-01 -1.277185e-04 -1.761929e-05 2.448346e-02 4.383909e-03 9.996906e-01 -8.120803e-06
-9.831191e-01 -1.812718e-01 2.484525e-02 8.643858e-06 1.813249e-01 -9.834232e-01 -1.170086e-04 -8.643858e-06 2.445460e-02 4.390030e-03 9.996913e-01 -5.842560e-06
-9.831198e-01 -1.812676e-01 2.485141e-02 6.176810e-06 1.813208e-01 -9.834240e-01 -1.135364e-04 -6.176810e-06 2.446006e-02 4.394458e-03 9.996911e-01 -5.673527e-06
-9.831242e-01 -1.812463e-01 2.483028e-02 1.580548e-05 1.812991e-01 -9.834280e-01 -1.252746e-04 -1.580548e-05 2.444150e-02 4.378547e-03 9.996917e-01 -8.070848e-06
-9.831286e-01 -1.812259e-01 2.480658e-02 2.541902e-05 1.812796e-01 -9.834316e-01 -8.333927e-05 -2.541902e-05 2.441068e-02 4.414994e-03 9.996923e-01 -4.450106e-06
-9.831285e-01 -1.812240e-01 2.482419e-02 2.405484e-05 1.812776e-01 -9.834320e-01 -9.439080e-05 -2.405484e-05 2.443001e-02 4.407271e-03 9.996918e-01 -5.769220e-06
-9.831238e-01 -1.812446e-01 2.486034e-02 1.296436e-05 1.812978e-01 -9.834282e-01 -1.190690e-04 -1.296436e-05 2.446994e-02 4.390064e-03 9.996909e-01 -7.455822e-06
-9.831204e-01 -1.812624e-01 2.486381e-02 6.522568e-06 1.813163e-01 -9.834248e-01 -8.955085e-05 -6.522568e-06 2.446792e-02 4.420174e-03 9.996908e-01 -3.262240e-06
-9.831204e-01 -1.812654e-01 2.484304e-02 7.848465e-06 1.813181e-01 -9.834245e-01 -1.325698e-04 -7.848465e-06 2.445528e-02 4.374162e-03 9.996914e-01 -7.902482e-06
-9.831227e-01 -1.812528e-01 2.484206e-02 2.022396e-05 1.813053e-01 -9.834269e-01 -1.448422e-04 -2.022396e-05 2.445661e-02 4.361599e-03 9.996914e-01 -9.909980e-06
-9.831260e-01 -1.812355e-01 2.483704e-02 2.668483e-05 1.812890e-01 -9.834299e-01 -1.019304e-04 -2.668483e-05 2.444396e-02 4.402470e-03 9.996915e-01 -6.018826e-06
-9.831282e-01 -1.812265e-01 2.481582e-02 4.008786e-05 1.812794e-01 -9.834316e-01 -1.211114e-04 -4.008786e-05 2.442661e-02 4.379529e-03 9.996920e-01 -8.618419e-06
-9.831278e-01 -1.812295e-01 2.481151e-02 3.961392e-05 1.812834e-01 -9.834309e-01 -7.865062e-05 -3.961392e-05 2.441466e-02 4.420591e-03 9.996921e-01 -3.743289e-06
-9.831261e-01 -1.812400e-01 2.480273e-02 3.702384e-05 1.812942e-01 -9.834289e-01 -6.395556e-05 -3.702384e-05 2.440331e-02 4.433715e-03 9.996924e-01 -1.573346e-06
-9.831243e-01 -1.812498e-01 2.480025e-02 3.396983e-05 1.813026e-01 -9.834273e-01 -1.202183e-04 -3.396983e-05 2.441104e-02 4.378161e-03 9.996924e-01 -7.334916e-06
-9.831245e-01 -1.812462e-01 2.482150e-02 3.280327e-05 1.813000e-01 -9.834278e-01 -8.236734e-05 -3.280327e-05 2.442509e-02 4.419162e-03 9.996919e-01 -3.302604e-06
-9.831261e-01 -1.812345e-01 2.484410e-02 2.625082e-05 1.812880e-01 -9.834300e-01 -9.887715e-05 -2.625082e-05 2.445035e-02 4.406728e-03 9.996913e-01 -5.732386e-06
-9.831256e-01 -1.812322e-01 2.487685e-02 2.331513e-05 1.812849e-01 -9.834306e-01 -1.416993e-04 -2.331513e-05 2.449033e-02 4.370488e-03 9.996905e-01 -1.060365e-05
-9.831251e-01 -1.812339e-01 2.488512e-02 1.720977e-05 1.812878e-01 -9.834301e-01 -9.017045e-05 -1.720977e-05 2.448911e-02 4.422720e-03 9.996903e-01 -4.783327e-06
-9.831249e-01 -1.812394e-01 2.485447e-02 1.542454e-05 1.812925e-01 -9.834292e-01 -1.172619e-04 -1.542454e-05 2.446386e-02 4.390645e-03 9.996911e-01 -7.525633e-06
-9.831234e-01 -1.812493e-01 2.483954e-02 1.373853e-05 1.813019e-01 -9.834275e-01 -1.358438e-04 -1.373853e-05 2.445251e-02 4.369904e-03 9.996914e-01 -9.091706e-06
-9.831252e-01 -1.812426e-01 2.481759e-02 1.847865e-05 1.812966e-01 -9.834285e-01 -7.602063e-05 -1.847865e-05 2.442011e-02 4.424607e-03 9.996920e-01 -2.778857e-06
-9.831279e-01 -1.812346e-01 2.476906e-02 2.667788e-05 1.812879e-01 -9.834301e-01 -9.613476e-05 -2.667788e-05 2.437606e-02 4.395817e-03 9.996932e-01 -5.436609e-06
-9.831281e-01 -1.812334e-01 2.476977e-02 2.700464e-05 1.812868e-01 -9.834303e-01 -9.097925e-05 -2.700464e-05 2.437583e-02 4.400988e-03 9.996932e-01 -4.923971e-06
-9.831275e-01 -1.812311e-01 2.481078e-02 2.315399e-05 1.812851e-01 -9.834306e-01 -7.423948e-05 -2.315399e-05 2.441313e-02 4.424838e-03 9.996922e-01 -3.168181e-06
-9.831253e-01 -1.812375e-01 2.485184e-02 1.634579e-05 1.812902e-01 -9.834296e-01 -1.338270e-04 -1.634579e-05 2.446429e-02 4.373827e-03 9.996911e-01 -9.463280e-06
-9.831240e-01 -1.812420e-01 2.486869e-02 2.091260e-05 1.812956e-01 -9.834286e-01 -1.008657e-04 -2.091260e-05 2.447486e-02 4.409421e-03 9.996907e-01 -5.563411e-06
-9.831259e-01 -1.812348e-01 2.484685e-02 2.583877e-05 1.812886e-01 -9.834299e-01 -8.593172e-05 -2.583877e-05 2.445071e-02 4.419970e-03 9.996913e-01 -4.275458e-06
-9.831259e-01 -1.812356e-01 2.484056e-02 3.424170e-05 1.812885e-01 -9.834300e-01 -1.268355e-04 -3.424170e-05 2.445194e-02 4.378613e-03 9.996914e-01 -8.784815e-06
-9.831260e-01 -1.812344e-01 2.484506e-02 3.416158e-05 1.812879e-01 -9.834301e-01 -1.012943e-04 -3.416158e-05 2.445173e-02 4.404522e-03 9.996913e-01 -6.005116e-06
-9.831272e-01 -1.812356e-01 2.479180e-02 3.974931e-05 1.812884e-01 -9.834300e-01 -1.218618e-04 -3.974931e-05 2.440309e-02 4.374659e-03 9.996926e-01 -8.243215e-06
-9.831269e-01 -1.812404e-01 2.476790e-02 4.081763e-05 1.812933e-01 -9.834291e-01 -1.112726e-04 -4.081763e-05 2.437764e-02 4.380858e-03 9.996932e-01 -6.826225e-06
-9.831273e-01 -1.812311e-01 2.482066e-02 3.801594e-05 1.812859e-01 -9.834304e-01 -4.420003e-05 -3.801594e-05 2.441740e-02 4.456181e-03 9.996919e-01 1.773080e-07
-9.831264e-01 -1.812320e-01 2.484813e-02 2.662225e-05 1.812852e-01 -9.834306e-01 -1.132580e-04 -2.662225e-05 2.445694e-02 4.393253e-03 9.996912e-01 -7.455095e-06
-9.831251e-01 -1.812391e-01 2.484769e-02 2.427043e-05 1.812920e-01 -9.834293e-01 -1.259793e-04 -2.427043e-05 2.445878e-02 4.380833e-03 9.996912e-01 -8.510739e-06
-9.831265e-01 -1.812304e-01 2.485738e-02 2.144409e-05 1.812843e-01 -9.834307e-01 -8.724465e-05 -2.144409e-05 2.446132e-02 4.420480e-03 9.996910e-01 -4.641744e-06
-9.831269e-01 -1.812279e-01 2.485830e-02 1.887644e-05 1.812806e-01 -9.834314e-01 -1.373706e-04 -1.887644e-05 2.447133e-02 4.371276e-03 9.996910e-01 -1.034519e-05
-9.831264e-01 -1.812322e-01 2.484533e-02 1.890042e-05 1.812854e-01 -9.834305e-01 -1.128274e-04 -1.890042e-05 2.445410e-02 4.393171e-03 9.996913e-01 -7.400230e-06
