8.679624e-01 -4.964353e-01 1.390095e-02 -0.000000e+00 4.965109e-01 8.680271e-01 -2.410169e-03 0.000000e+00 -1.086991e-02 8.993911e-03 9.999005e-01 0.000000e+00
8.679574e-01 -4.964442e-01 1.389950e-02 -2.142388e-06 4.965197e-01 8.680221e-01 -2.404258e-03 2.142388e-06 -1.087149e-02 8.988168e-03 9.999005e-01 1.531726e-06
8.679551e-01 -4.964482e-01 1.390150e-02 -3.381995e-06 4.965238e-01 8.680198e-01 -2.408738e-03 3.381995e-06 -1.087097e-02 8.993103e-03 9.999005e-01 2.228393e-06
8.679565e-01 -4.964454e-01 1.390935e-02 -3.528389e-06 4.965214e-01 8.680211e-01 -2.433578e-03 3.528389e-06 -1.086547e-02 9.018531e-03 9.999003e-01 -1.183911e-06
8.679583e-01 -4.964426e-01 1.389492e-02 -1.248930e-06 4.965184e-01 8.680228e-01 -2.425764e-03 1.248930e-06 -1.085685e-02 9.004545e-03 9.999005e-01 -1.211932e-06
8.679600e-01 -4.964399e-01 1.388543e-02 4.705678e-07 4.965157e-01 8.680243e-01 -2.436020e-03 -4.705678e-07 -1.084356e-02 9.008704e-03 9.999006e-01 -3.113055e-06
8.679569e-01 -4.964458e-01 1.387340e-02 2.773108e-07 4.965213e-01 8.680212e-01 -2.424650e-03 -2.773108e-07 -1.083869e-02 8.992928e-03 9.999008e-01 -2.352210e-07
8.679566e-01 -4.964468e-01 1.385622e-02 1.874880e-06 4.965217e-01 8.680210e-01 -2.382272e-03 -1.874880e-06 -1.084482e-02 8.947620e-03 9.999012e-01 4.508295e-06
8.679570e-01 -4.964453e-01 1.388337e-02 -6.786421e-07 4.965208e-01 8.680215e-01 -2.413094e-03 6.786421e-07 -1.085309e-02 8.987842e-03 9.999007e-01 8.752235e-07
8.679541e-01 -4.964504e-01 1.388000e-02 -1.629717e-06 4.965260e-01 8.680185e-01 -2.422879e-03 1.629717e-06 -1.084526e-02 8.994728e-03 9.999007e-01 1.329020e-06
8.679577e-01 -4.964439e-01 1.388751e-02 -7.595015e-07 4.965196e-01 8.680221e-01 -2.431065e-03 7.595015e-07 -1.084778e-02 9.005483e-03 9.999006e-01 -1.436866e-06
8.679602e-01 -4.964394e-01 1.389496e-02 5.744916e-06 4.965153e-01 8.680245e-01 -2.444028e-03 -5.744916e-06 -1.084786e-02 9.020382e-03 9.999005e-01 -4.092770e-06
8.679560e-01 -4.964477e-01 1.386101e-02 9.120245e-06 4.965229e-01 8.680203e-01 -2.406596e-03 -9.120245e-06 -1.083689e-02 8.971127e-03 9.999010e-01 2.200601e-06
8.679567e-01 -4.964465e-01 1.385906e-02 9.615774e-06 4.965218e-01 8.680209e-01 -2.410344e-03 -9.615774e-06 -1.083335e-02 8.973401e-03 9.999011e-01 1.473365e-06
8.679564e-01 -4.964459e-01 1.389701e-02 5.681865e-06 4.965218e-01 8.680208e-01 -2.446395e-03 -5.681865e-06 -1.084839e-02 9.023532e-03 9.999004e-01 -2.442955e-06
8.679546e-01 -4.964493e-01 1.389113e-02 5.437227e-06 4.965249e-01 8.680191e-01 -2.413385e-03 -5.437227e-06 -1.085965e-02 8.992002e-03 9.999006e-01 2.041793e-06
8.679559e-01 -4.964470e-01 1.389204e-02 5.924767e-06 4.965226e-01 8.680204e-01 -2.417062e-03 -5.924767e-06 -1.085863e-02 8.995616e-03 9.999006e-01 9.866204e-07
8.679541e-01 -4.964497e-01 1.390308e-02 -3.951434e-06 4.965255e-01 8.680187e-01 -2.426553e-03 3.951434e-06 -1.086348e-02 9.009373e-03 9.999004e-01 7.994111e-07
8.679555e-01 -4.964478e-01 1.388672e-02 -1.700213e-06 4.965232e-01 8.680202e-01 -2.394204e-03 1.700213e-06 -1.086535e-02 8.973138e-03 9.999007e-01 3.636643e-06
8.679575e-01 -4.964441e-01 1.389494e-02 -1.632006e-06 4.965199e-01 8.680220e-01 -2.428487e-03 1.632006e-06 -1.085551e-02 9.006940e-03 9.999005e-01 -1.066568e-06
8.679545e-01 -4.964494e-01 1.388983e-02 -2.429518e-06 4.965251e-01 8.680190e-01 -2.431193e-03 2.429518e-06 -1.084967e-02 9.006817e-03 9.999006e-01 1.729135e-07
8.679550e-01 -4.964486e-01 1.388727e-02 -1.944968e-06 4.965241e-01 8.680196e-01 -2.412577e-03 1.944968e-06 -1.085670e-02 8.989374e-03 9.999007e-01 1.901765e-06
8.679547e-01 -4.964486e-01 1.391003e-02 -4.405874e-06 4.965246e-01 8.680192e-01 -2.446401e-03 4.405874e-06 -1.085966e-02 9.030039e-03 9.999003e-01 -1.623646e-06
8.679536e-01 -4.964510e-01 1.389116e-02 -3.004460e-06 4.965266e-01 8.680181e-01 -2.415133e-03 3.004460e-06 -1.085878e-02 8.993554e-03 9.999006e-01 2.369341e-06
8.679584e-01 -4.964423e-01 1.389914e-02 -1.618829e-06 4.965178e-01 8.680232e-01 -2.402701e-03 1.618829e-06 -1.087197e-02 8.986613e-03 9.999005e-01 1.142881e-06
8.679582e-01 -4.964422e-01 1.391691e-02 -3.522227e-06 4.965183e-01 8.680228e-01 -2.442955e-03 3.522227e-06 -1.086741e-02 9.030385e-03 9.999002e-01 -3.096679e-06
8.679540e-01 -4.964503e-01 1.389278e-02 -2.979876e-06 4.965257e-01 8.680187e-01 -2.403737e-03 2.979876e-06 -1.086586e-02 8.984456e-03 9.999006e-01 3.352563e-06
8.679556e-01 -4.964473e-01 1.389666e-02 -2.626349e-06 4.965228e-01 8.680204e-01 -2.402729e-03 2.626349e-06 -1.086975e-02 8.985469e-03 9.999005e-01 2.588486e-06
8.679554e-01 -4.964473e-01 1.390891e-02 2.206998e-06 4.965233e-01 8.680200e-01 -2.436570e-03 -2.206998e-06 -1.086359e-02 9.020934e-03 9.999003e-01 -9.415796e-07
8.679552e-01 -4.964482e-01 1.388933e-02 5.905127e-06 4.965237e-01 8.680199e-01 -2.403165e-03 -5.905127e-06 -1.086317e-02 8.982222e-03 9.999007e-01 2.808550e-06
8.679590e-01 -4.964415e-01 1.389456e-02 7.072858e-06 4.965170e-01 8.680237e-01 -2.404994e-03 -7.072858e-06 -1.086687e-02 8.986320e-03 9.999006e-01 6.532452e-07
8.679575e-01 -4.964435e-01 1.391455e-02 4.384609e-06 4.965195e-01 8.680222e-01 -2.432363e-03 -4.384609e-06 -1.087061e-02 9.020035e-03 9.999002e-01 -1.596805e-06
8.679543e-01 -4.964497e-01 1.389295e-02 5.140503e-06 4.965251e-01 8.680190e-01 -2.402013e-03 -5.140503e-06 -1.086687e-02 8.983038e-03 9.999006e-01 3.364774e-06
8.679550e-01 -4.964486e-01 1.388606e-02 6.164217e-06 4.965241e-01 8.680196e-01 -2.415425e-03 -6.164217e-06 -1.085424e-02 8.991246e-03 9.999007e-01 1.609621e-06
8.679556e-01 -4.964476e-01 1.388654e-02 -1.605254e-06 4.965233e-01 8.680200e-01 -2.430973e-03 1.605254e-06 -1.084694e-02 9.004966e-03 9.999006e-01 -3.458942e-07
8.679568e-01 -4.964456e-01 1.388293e-02 -7.149242e-07 4.965210e-01 8.680214e-01 -2.406709e-03 7.149242e-07 -1.085588e-02 8.982084e-03 9.999007e-01 1.645982e-06
8.679569e-01 -4.964451e-01 1.389110e-02 -1.478118e-06 4.965208e-01 8.680214e-01 -2.425849e-03 1.478118e-06 -1.085347e-02 9.002751e-03 9.999006e-01 -4.977977e-07
8.679550e-01 -4.964487e-01 1.388553e-02 -1.789861e-06 4.965244e-01 8.680194e-01 -2.429174e-03 1.789861e-06 -1.084695e-02 9.002920e-03 9.999006e-01 1.768865e-07
8.679560e-01 -4.964471e-01 1.387879e-02 -6.553054e-07 4.965223e-01 8.680207e-01 -2.388355e-03 6.553054e-07 -1.086138e-02 8.964114e-03 9.999008e-01 4.022202e-06
8.679566e-01 -4.964458e-01 1.389334e-02 -1.878973e-06 4.965213e-01 8.680212e-01 -2.410327e-03 1.878973e-06 -1.086311e-02 8.990397e-03 9.999006e-01 1.332618e-06
8.679538e-01 -4.964509e-01 1.388315e-02 -2.111953e-06 4.965266e-01 8.680181e-01 -2.424572e-03 2.111953e-06 -1.084714e-02 8.997768e-03 9.999007e-01 1.319587e-06
8.679572e-01 -4.964447e-01 1.388792e-02 -1.034182e-06 4.965203e-01 8.680217e-01 -2.417029e-03 1.034182e-06 -1.085510e-02 8.993513e-03 9.999006e-01 3.133272e-07
8.679588e-01 -4.964420e-01 1.388916e-02 -4.582192e-07 4.965177e-01 8.680232e-01 -2.432676e-03 4.582192e-07 -1.084843e-02 9.007675e-03 9.999006e-01 -2.149349e-06
8.679552e-01 -4.964492e-01 1.385579e-02 1.304633e-06 4.965246e-01 8.680193e-01 -2.428467e-03 -1.304633e-06 -1.082148e-02 8.987539e-03 9.999011e-01 3.161843e-07
8.679536e-01 -4.964521e-01 1.385232e-02 9.385188e-07 4.965272e-01 8.680178e-01 -2.408945e-03 -9.385188e-07 -1.082814e-02 8.968909e-03 9.999012e-01 3.219821e-06
8.679540e-01 -4.964509e-01 1.386932e-02 5.572734e-06 4.965262e-01 8.680184e-01 -2.409559e-03 -5.572734e-06 -1.084260e-02 8.977869e-03 9.999009e-01 2.846342e-06
8.679541e-01 -4.964504e-01 1.388152e-02 6.197058e-06 4.965259e-01 8.680185e-01 -2.420619e-03 -6.197058e-06 -1.084770e-02 8.993522e-03 9.999007e-01 1.570108e-06
8.679552e-01 -4.964480e-01 1.389736e-02 5.106334e-06 4.965239e-01 8.680196e-01 -2.439633e-03 -5.106334e-06 -1.085203e-02 9.017863e-03 9.999005e-01 -1.112583e-06
8.679554e-01 -4.964475e-01 1.390167e-02 4.760613e-06 4.965234e-01 8.680199e-01 -2.433144e-03 -4.760613e-06 -1.085900e-02 9.014365e-03 9.999004e-01 -5.518489e-07
8.679554e-01 -4.964482e-01 1.387850e-02 7.094646e-06 4.965234e-01 8.680200e-01 -2.395002e-03 -7.094646e-06 -1.085782e-02 8.969754e-03 9.999008e-01 3.625639e-06
8.679524e-01 -4.964533e-01 1.388193e-02 5.398320e-06 4.965287e-01 8.680170e-01 -2.405873e-03 -5.398320e-06 -1.085534e-02 8.980959e-03 9.999007e-01 3.993845e-06
8.679498e-01 -4.964576e-01 1.389056e-02 -4.632751e-06 4.965332e-01 8.680143e-01 -2.417312e-03 4.632751e-06 -1.085711e-02 8.995229e-03 9.999006e-01 4.067519e-06
8.679509e-01 -4.964556e-01 1.389372e-02 -4.463879e-06 4.965313e-01 8.680155e-01 -2.417363e-03 4.463879e-06 -1.085985e-02 8.996818e-03 9.999006e-01 3.488245e-06
8.679533e-01 -4.964510e-01 1.390953e-02 -4.978698e-06 4.965269e-01 8.680179e-01 -2.433639e-03 4.978698e-06 -1.086554e-02 9.018743e-03 9.999003e-01 4.414021e-07
8.679538e-01 -4.964508e-01 1.388917e-02 -2.715922e-06 4.965261e-01 8.680185e-01 -2.395282e-03 2.715922e-06 -1.086692e-02 8.975330e-03 9.999007e-01 4.383408e-06
8.679529e-01 -4.964524e-01 1.388317e-02 -2.496132e-06 4.965277e-01 8.680175e-01 -2.396467e-03 2.496132e-06 -1.086110e-02 8.973400e-03 9.999008e-01 4.731978e-06
8.679535e-01 -4.964510e-01 1.389961e-02 -3.896294e-06 4.965265e-01 8.680183e-01 -2.400149e-03 3.896294e-06 -1.087356e-02 8.984741e-03 9.999005e-01 3.953115e-06
8.679513e-01 -4.964547e-01 1.390470e-02 -5.405658e-06 4.965300e-01 8.680163e-01 -2.379255e-03 5.405658e-06 -1.088831e-02 8.969176e-03 9.999005e-01 7.272309e-06
8.679464e-01 -4.964630e-01 1.391134e-02 -8.248687e-06 4.965386e-01 8.680113e-01 -2.403950e-03 8.248687e-06 -1.088173e-02 8.994015e-03 9.999003e-01 7.095920e-06
8.679476e-01 -4.964609e-01 1.391104e-02 -7.681449e-06 4.965366e-01 8.680124e-01 -2.414184e-03 7.681449e-06 -1.087641e-02 9.002728e-03 9.999003e-01 5.400935e-06
8.679529e-01 -4.964520e-01 1.389813e-02 -3.997693e-06 4.965274e-01 8.680177e-01 -2.397475e-03 3.997693e-06 -1.087359e-02 8.981698e-03 9.999005e-01 4.530339e-06
8.679561e-01 -4.964466e-01 1.389057e-02 -1.800216e-06 4.965224e-01 8.680205e-01 -2.435313e-03 1.800216e-06 -1.084830e-02 9.010724e-03 9.999006e-01 -1.069642e-06
8.679545e-01 -4.964498e-01 1.387652e-02 5.035173e-06 4.965257e-01 8.680186e-01 -2.452083e-03 -5.035173e-06 -1.082774e-02 9.018343e-03 9.999007e-01 -1.939713e-06
8.679504e-01 -4.964572e-01 1.386994e-02 5.691098e-06 4.965328e-01 8.680145e-01 -2.434631e-03 -5.691098e-06 -1.083062e-02 9.000018e-03 9.999008e-01 2.061760e-06
8.679478e-01 -4.964615e-01 1.387461e-02 4.080821e-06 4.965372e-01 8.680121e-01 -2.432350e-03 -4.080821e-06 -1.083576e-02 9.000414e-03 9.999008e-01 3.573942e-06
8.679503e-01 -4.964577e-01 1.386024e-02 6.623857e-06 4.965329e-01 8.680145e-01 -2.409873e-03 -6.623857e-06 -1.083449e-02 8.973718e-03 9.999010e-01 4.791186e-06
8.679565e-01 -4.964466e-01 1.386580e-02 8.874298e-06 4.965218e-01 8.680209e-01 -2.400276e-03 -8.874298e-06 -1.084420e-02 8.968009e-03 9.999010e-01 2.570342e-06
8.679602e-01 -4.964395e-01 1.388821e-02 8.274065e-06 4.965150e-01 8.680248e-01 -2.409971e-03 -8.274065e-06 -1.085891e-02 8.987465e-03 9.999006e-01 -4.782906e-07
8.679563e-01 -4.964461e-01 1.389789e-02 -2.465622e-06 4.965218e-01 8.680208e-01 -2.422746e-03 2.465622e-06 -1.086089e-02 9.003441e-03 9.999005e-01 1.367873e-07
8.679483e-01 -4.964602e-01 1.389066e-02 -5.316341e-06 4.965361e-01 8.680126e-01 -2.441213e-03 5.316341e-06 -1.084531e-02 9.016062e-03 9.999005e-01 2.302110e-06
8.679444e-01 -4.964670e-01 1.389518e-02 -7.545892e-06 4.965430e-01 8.680087e-01 -2.450224e-03 7.545892e-06 -1.084468e-02 9.026213e-03 9.999005e-01 3.344175e-06
8.679460e-01 -4.964646e-01 1.388174e-02 -5.464007e-06 4.965402e-01 8.680104e-01 -2.423632e-03 5.464007e-06 -1.084625e-02 8.996425e-03 9.999007e-01 5.410034e-06
8.679520e-01 -4.964544e-01 1.386834e-02 -1.392627e-06 4.965298e-01 8.680163e-01 -2.415450e-03 1.392627e-06 -1.083879e-02 8.982539e-03 9.999009e-01 3.253925e-06
8.679564e-01 -4.964465e-01 1.387599e-02 -1.982741e-07 4.965220e-01 8.680208e-01 -2.414600e-03 1.982741e-07 -1.084593e-02 8.985501e-03 9.999008e-01 1.059011e-06
8.679558e-01 -4.964471e-01 1.389305e-02 -2.199259e-06 4.965226e-01 8.680205e-01 -2.401458e-03 2.199259e-06 -1.086726e-02 8.982574e-03 9.999006e-01 2.671543e-06
8.679527e-01 -4.964520e-01 1.391302e-02 -5.613088e-06 4.965278e-01 8.680175e-01 -2.413972e-03 5.613088e-06 -1.087832e-02 9.003414e-03 9.999003e-01 2.826736e-06
8.679476e-01 -4.964610e-01 1.391007e-02 -7.599868e-06 4.965367e-01 8.680124e-01 -2.411405e-03 7.599868e-06 -1.087695e-02 8.999834e-03 9.999003e-01 5.719620e-06
8.679456e-01 -4.964647e-01 1.389978e-02 -7.445062e-06 4.965400e-01 8.680105e-01 -2.385514e-03 7.445062e-06 -1.088083e-02 8.972294e-03 9.999005e-01 9.528004e-06
8.679490e-01 -4.964588e-01 1.389772e-02 -5.697969e-06 4.965342e-01 8.680138e-01 -2.398054e-03 5.697969e-06 -1.087288e-02 8.982083e-03 9.999005e-01 6.456797e-06
8.679513e-01 -4.964548e-01 1.389804e-02 1.447273e-06 4.965304e-01 8.680160e-01 -2.410894e-03 -1.447273e-06 -1.086682e-02 8.993340e-03 9.999005e-01 3.935855e-06
8.679517e-01 -4.964541e-01 1.389652e-02 3.613221e-06 4.965298e-01 8.680163e-01 -2.419407e-03 -3.613221e-06 -1.086128e-02 8.999966e-03 9.999005e-01 2.832699e-06
8.679502e-01 -4.964570e-01 1.388757e-02 3.841531e-06 4.965328e-01 8.680145e-01 -2.441368e-03 -3.841531e-06 -1.084258e-02 9.014620e-03 9.999006e-01 1.327726e-06
8.679483e-01 -4.964613e-01 1.385617e-02 6.135831e-06 4.965367e-01 8.680124e-01 -2.422628e-03 -6.135831e-06 -1.082459e-02 8.982813e-03 9.999011e-01 4.488263e-06
8.679487e-01 -4.964604e-01 1.385831e-02 6.129660e-06 4.965358e-01 8.680129e-01 -2.422934e-03 -6.129660e-06 -1.082630e-02 8.984130e-03 9.999010e-01 4.204892e-06
8.679490e-01 -4.964592e-01 1.388129e-02 3.945844e-06 4.965349e-01 8.680134e-01 -2.428266e-03 -3.945844e-06 -1.084361e-02 9.000155e-03 9.999007e-01 3.354977e-06
8.679480e-01 -4.964611e-01 1.387560e-02 -3.915605e-06 4.965365e-01 8.680125e-01 -2.410248e-03 3.915605e-06 -1.084760e-02 8.981714e-03 9.999008e-01 5.803903e-06
8.679513e-01 -4.964552e-01 1.388759e-02 -3.679806e-06 4.965307e-01 8.680158e-01 -2.415509e-03 3.679806e-06 -1.085545e-02 8.992157e-03 9.999006e-01 3.530737e-06
8.679512e-01 -4.964549e-01 1.390112e-02 -5.064124e-06 4.965304e-01 8.680160e-01 -2.399311e-03 5.064124e-06 -1.087524e-02 8.984812e-03 9.999005e-01 5.190992e-06
8.679479e-01 -4.964609e-01 1.389171e-02 -5.601653e-06 4.965362e-01 8.680128e-01 -2.382497e-03 5.601653e-06 -1.087536e-02 8.965618e-03 9.999007e-01 8.721234e-06
8.679488e-01 -4.964589e-01 1.390602e-02 -6.641843e-06 4.965347e-01 8.680135e-01 -2.420899e-03 6.641843e-06 -1.086873e-02 9.006036e-03 9.999004e-01 4.111336e-06
8.679489e-01 -4.964588e-01 1.390617e-02 -6.628876e-06 4.965345e-01 8.680136e-01 -2.412260e-03 6.628876e-06 -1.087315e-02 8.998609e-03 9.999004e-01 4.993667e-06
8.679497e-01 -4.964580e-01 1.388681e-02 -4.313623e-06 4.965334e-01 8.680143e-01 -2.404637e-03 4.313623e-06 -1.086015e-02 8.982371e-03 9.999007e-01 5.497945e-06
8.679518e-01 -4.964543e-01 1.388520e-02 -3.198760e-06 4.965297e-01 8.680164e-01 -2.402275e-03 3.198760e-06 -1.085996e-02 8.979472e-03 9.999007e-01 4.672453e-06
8.679513e-01 -4.964547e-01 1.390078e-02 -4.996704e-06 4.965303e-01 8.680161e-01 -2.401318e-03 4.996704e-06 -1.087395e-02 8.986385e-03 9.999005e-01 4.942572e-06
8.679481e-01 -4.964600e-01 1.391321e-02 -7.701600e-06 4.965360e-01 8.680127e-01 -2.433634e-03 7.701600e-06 -1.086864e-02 9.020676e-03 9.999002e-01 3.102181e-06
8.679448e-01 -4.964663e-01 1.389517e-02 -7.364912e-06 4.965419e-01 8.680094e-01 -2.412135e-03 7.364912e-06 -1.086359e-02 8.993133e-03 9.999005e-01 7.173949e-06
8.679461e-01 -4.964639e-01 1.389476e-02 -5.700511e-07 4.965393e-01 8.680110e-01 -2.391435e-03 5.700511e-07 -1.087354e-02 8.974929e-03 9.999006e-01 8.662795e-06
8.679495e-01 -4.964577e-01 1.390995e-02 1.251269e-06 4.965334e-01 8.680143e-01 -2.413712e-03 -1.251269e-06 -1.087573e-02 9.001734e-03 9.999003e-01 4.507163e-06
8.679490e-01 -4.964590e-01 1.389342e-02 2.700052e-06 4.965345e-01 8.680136e-01 -2.411506e-03 -2.700052e-06 -1.086246e-02 8.991625e-03 9.999006e-01 5.085598e-06
8.679478e-01 -4.964613e-01 1.388454e-02 3.061523e-06 4.965367e-01 8.680124e-01 -2.405846e-03 -3.061523e-06 -1.085754e-02 8.982334e-03 9.999007e-01 6.344452e-06
8.679462e-01 -4.964639e-01 1.389150e-02 1.639299e-06 4.965393e-01 8.680109e-01 -2.396619e-03 -1.639299e-06 -1.086814e-02 8.977813e-03 9.999006e-01 8.102248e-06
8.679439e-01 -4.964682e-01 1.388347e-02 1.399598e-06 4.965432e-01 8.680088e-01 -2.366954e-03 -1.399598e-06 -1.087586e-02 8.948128e-03 9.999008e-01 1.248875e-05
8.679473e-01 -4.964620e-01 1.389374e-02 -6.099854e-06 4.965376e-01 8.680119e-01 -2.410187e-03 6.099854e-06 -1.086336e-02 8.990679e-03 9.999006e-01 6.109978e-06
8.679503e-01 -4.964566e-01 1.389249e-02 -4.587405e-06 4.965323e-01 8.680148e-01 -2.424080e-03 4.587405e-06 -1.085543e-02 9.002050e-03 9.999006e-01 3.065906e-06
8.679493e-01 -4.964586e-01 1.388550e-02 -4.335062e-06 4.965342e-01 8.680138e-01 -2.422083e-03 4.335062e-06 -1.085034e-02 8.996873e-03 9.999007e-01 3.833272e-06
8.679444e-01 -4.964672e-01 1.388744e-02 -6.750601e-06 4.965429e-01 8.680087e-01 -2.434737e-03 6.750601e-06 -1.084565e-02 9.008925e-03 9.999006e-01 5.013106e-06
8.679394e-01 -4.964762e-01 1.387723e-02 -7.957701e-06 4.965516e-01 8.680039e-01 -2.410350e-03 7.957701e-06 -1.084881e-02 8.982800e-03 9.999008e-01 1.020465e-05
8.679413e-01 -4.964727e-01 1.388162e-02 -7.549656e-06 4.965480e-01 8.680060e-01 -2.392317e-03 7.549656e-06 -1.086161e-02 8.969281e-03 9.999008e-01 1.112001e-05
8.679463e-01 -4.964636e-01 1.389654e-02 -6.810787e-06 4.965391e-01 8.680110e-01 -2.402668e-03 6.810787e-06 -1.086951e-02 8.985562e-03 9.999006e-01 7.379548e-06
8.679486e-01 -4.964594e-01 1.389922e-02 -6.032145e-06 4.965348e-01 8.680135e-01 -2.386995e-03 6.032145e-06 -1.087966e-02 8.973235e-03 9.999006e-01 7.828966e-06
8.679504e-01 -4.964560e-01 1.391208e-02 -6.552849e-06 4.965316e-01 8.680153e-01 -2.399985e-03 6.552849e-06 -1.088441e-02 8.990856e-03 9.999003e-01 5.493228e-06
8.679438e-01 -4.964676e-01 1.390829e-02 -9.116486e-06 4.965433e-01 8.680086e-01 -2.407002e-03 9.116486e-06 -1.087752e-02 8.995209e-03 9.999004e-01 8.129891e-06
8.679371e-01 -4.964799e-01 1.388615e-02 -9.879298e-06 4.965551e-01 8.680019e-01 -2.383558e-03 9.879298e-06 -1.086981e-02 8.964016e-03 9.999007e-01 1.415702e-05
8.679376e-01 -4.964788e-01 1.389488e-02 -4.317178e-06 4.965542e-01 8.680024e-01 -2.397738e-03 4.317178e-06 -1.087036e-02 8.980646e-03 9.999006e-01 1.234864e-05
8.679412e-01 -4.964726e-01 1.389428e-02 -8.893951e-07 4.965480e-01 8.680059e-01 -2.400828e-03 8.893951e-07 -1.086837e-02 8.982954e-03 9.999006e-01 1.020476e-05
8.679467e-01 -4.964630e-01 1.389040e-02 1.986715e-06 4.965384e-01 8.680114e-01 -2.399945e-03 -1.986715e-06 -1.086555e-02 8.980143e-03 9.999006e-01 7.487123e-06
8.679467e-01 -4.964631e-01 1.389186e-02 1.820146e-06 4.965386e-01 8.680113e-01 -2.407014e-03 -1.820146e-06 -1.086329e-02 8.987002e-03 9.999006e-01 6.753508e-06
8.679410e-01 -4.964733e-01 1.387871e-02 6.147080e-07 4.965485e-01 8.680057e-01 -2.389107e-03 -6.147080e-07 -1.086067e-02 8.965055e-03 9.999008e-01 1.161249e-05
8.679365e-01 -4.964810e-01 1.388526e-02 -2.069957e-06 4.965563e-01 8.680012e-01 -2.395316e-03 2.069957e-06 -1.086319e-02 8.973795e-03 9.999007e-01 1.322405e-05
8.679350e-01 -4.964838e-01 1.387887e-02 -1.009190e-05 4.965590e-01 8.679997e-01 -2.392583e-03 1.009190e-05 -1.085897e-02 8.968282e-03 9.999008e-01 1.432274e-05
8.679385e-01 -4.964782e-01 1.386397e-02 -7.043634e-06 4.965533e-01 8.680029e-01 -2.390979e-03 7.043634e-06 -1.084690e-02 8.959425e-03 9.999010e-01 1.281561e-05
8.679431e-01 -4.964693e-01 1.389077e-02 -7.646545e-06 4.965448e-01 8.680078e-01 -2.409953e-03 7.646545e-06 -1.086083e-02 8.989091e-03 9.999006e-01 8.257387e-06
8.679407e-01 -4.964730e-01 1.391260e-02 -1.096698e-05 4.965487e-01 8.680055e-01 -2.408382e-03 1.096698e-05 -1.088052e-02 8.998616e-03 9.999003e-01 9.572862e-06
8.679342e-01 -4.964843e-01 1.391193e-02 -1.379663e-05 4.965600e-01 8.679991e-01 -2.408667e-03 1.379663e-05 -1.087968e-02 8.998674e-03 9.999003e-01 1.284912e-05
8.679334e-01 -4.964860e-01 1.390161e-02 -1.311454e-05 4.965614e-01 8.679983e-01 -2.393055e-03 1.311454e-05 -1.087845e-02 8.980015e-03 9.999005e-01 1.497228e-05
8.679443e-01 -4.964680e-01 1.386594e-02 -4.628157e-06 4.965429e-01 8.680090e-01 -2.370394e-03 4.628157e-06 -1.085894e-02 8.942405e-03 9.999011e-01 1.200474e-05
8.679563e-01 -4.964480e-01 1.383156e-02 4.235958e-06 4.965229e-01 8.680203e-01 -2.404263e-03 -4.235958e-06 -1.081248e-02 8.954480e-03 9.999014e-01 2.464957e-06
8.679523e-01 -4.964552e-01 1.382100e-02 3.530363e-06 4.965306e-01 8.680157e-01 -2.460934e-03 -3.530363e-06 -1.077510e-02 8.998522e-03 9.999015e-01 -1.459070e-06
8.679385e-01 -4.964788e-01 1.383943e-02 -4.531274e-06 4.965546e-01 8.680019e-01 -2.480817e-03 4.531274e-06 -1.078097e-02 9.025227e-03 9.999012e-01 3.399430e-06
8.679258e-01 -4.965001e-01 1.386935e-02 -1.326421e-05 4.965761e-01 8.679896e-01 -2.471353e-03 1.326421e-05 -1.081143e-02 9.032140e-03 9.999008e-01 1.074458e-05
8.679222e-01 -4.965059e-01 1.389297e-02 -1.109384e-05 4.965814e-01 8.679868e-01 -2.411164e-03 1.109384e-05 -1.086175e-02 8.991692e-03 9.999006e-01 1.886810e-05
8.679355e-01 -4.964814e-01 1.393413e-02 -7.466141e-06 4.965568e-01 8.680010e-01 -2.364302e-03 7.466141e-06 -1.092101e-02 8.971150e-03 9.999001e-01 1.675877e-05
8.679535e-01 -4.964493e-01 1.396015e-02 -2.030600e-06 4.965249e-01 8.680193e-01 -2.359335e-03 2.030600e-06 -1.094639e-02 8.979355e-03 9.998998e-01 7.946437e-06
8.679608e-01 -4.964376e-01 1.392263e-02 5.039556e-06 4.965131e-01 8.680260e-01 -2.381817e-03 -5.039556e-06 -1.090278e-02 8.980094e-03 9.999002e-01 2.035066e-06
8.679514e-01 -4.964556e-01 1.386241e-02 6.926460e-06 4.965312e-01 8.680155e-01 -2.438716e-03 -6.926460e-06 -1.082207e-02 8.999806e-03 9.999009e-01 1.129608e-06
8.679294e-01 -4.964957e-01 1.380209e-02 3.136765e-06 4.965711e-01 8.679925e-01 -2.469133e-03 -3.136765e-06 -1.075420e-02 8.996754e-03 9.999017e-01 9.512357e-06
8.679147e-01 -4.965221e-01 1.378038e-02 -9.270544e-06 4.965971e-01 8.679777e-01 -2.457891e-03 9.270544e-06 -1.074066e-02 8.976536e-03 9.999020e-01 1.836252e-05
8.679157e-01 -4.965185e-01 1.384403e-02 -1.524183e-05 4.965944e-01 8.679792e-01 -2.483304e-03 1.524183e-05 -1.078332e-02 9.030164e-03 9.999011e-01 1.479155e-05
8.679323e-01 -4.964877e-01 1.390547e-02 -1.398708e-05 4.965637e-01 8.679968e-01 -2.441651e-03 1.398708e-05 -1.085766e-02 9.024141e-03 9.999003e-01 1.035285e-05
8.679556e-01 -4.964446e-01 1.399531e-02 -1.260818e-05 4.965205e-01 8.680218e-01 -2.360951e-03 1.260818e-05 -1.097615e-02 8.998160e-03 9.998993e-01 6.480418e-06
8.679642e-01 -4.964270e-01 1.408543e-02 -1.785497e-05 4.965033e-01 8.680317e-01 -2.321680e-03 1.785497e-05 -1.107406e-02 9.008600e-03 9.998981e-01 5.740342e-06
8.679526e-01 -4.964487e-01 1.403542e-02 -1.801127e-05 4.965245e-01 8.680197e-01 -2.313156e-03 1.801127e-05 -1.103465e-02 8.976638e-03 9.998988e-01 1.285974e-05
8.679345e-01 -4.964840e-01 1.390346e-02 -1.280489e-05 4.965591e-01 8.679997e-01 -2.359537e-03 1.280489e-05 -1.089673e-02 8.951813e-03 9.999006e-01 1.794603e-05
8.679283e-01 -4.964964e-01 1.384566e-02 -9.748931e-06 4.965713e-01 8.679927e-01 -2.386449e-03 9.748931e-06 -1.083307e-02 8.946627e-03 9.999013e-01 1.859157e-05
8.679349e-01 -4.964852e-01 1.383744e-02 -5.974642e-06 4.965601e-01 8.679990e-01 -2.394483e-03 5.974642e-06 -1.082206e-02 8.949375e-03 9.999014e-01 1.443126e-05
8.679422e-01 -4.964720e-01 1.385148e-02 -4.098138e-06 4.965474e-01 8.680062e-01 -2.431790e-03 4.098138e-06 -1.081585e-02 8.988570e-03 9.999011e-01 6.643295e-06
8.679438e-01 -4.964677e-01 1.390439e-02 -8.722548e-06 4.965435e-01 8.680084e-01 -2.426783e-03 8.722548e-06 -1.086431e-02 9.010446e-03 9.999004e-01 6.056591e-06
8.679434e-01 -4.964658e-01 1.399989e-02 -1.236823e-05 4.965420e-01 8.680094e-01 -2.377468e-03 1.236823e-05 -1.097171e-02 9.015041e-03 9.998992e-01 1.098186e-05
8.679378e-01 -4.964746e-01 1.403269e-02 -1.637497e-05 4.965507e-01 8.680046e-01 -2.348577e-03 1.637497e-05 -1.101443e-02 9.006359e-03 9.998988e-01 1.668031e-05
8.679354e-01 -4.964804e-01 1.397805e-02 -1.196414e-05 4.965556e-01 8.680018e-01 -2.312913e-03 1.196414e-05 -1.098466e-02 8.948340e-03 9.998996e-01 2.202609e-05
8.679374e-01 -4.964775e-01 1.395463e-02 -8.675730e-06 4.965530e-01 8.680032e-01 -2.356601e-03 8.675730e-06 -1.094267e-02 8.974596e-03 9.998999e-01 1.647729e-05
8.679369e-01 -4.964791e-01 1.393273e-02 -6.725788e-06 4.965550e-01 8.680019e-01 -2.411544e-03 6.725788e-06 -1.089635e-02 9.011435e-03 9.999000e-01 1.108008e-05
8.679378e-01 -4.964788e-01 1.388209e-02 -1.178662e-06 4.965543e-01 8.680023e-01 -2.415431e-03 1.178662e-06 -1.085047e-02 8.989655e-03 9.999007e-01 1.045929e-05
8.679385e-01 -4.964779e-01 1.387388e-02 -8.031355e-06 4.965534e-01 8.680028e-01 -2.422504e-03 8.031355e-06 -1.083985e-02 8.991708e-03 9.999008e-01 9.405622e-06
8.679368e-01 -4.964802e-01 1.389658e-02 -1.109204e-05 4.965554e-01 8.680018e-01 -2.369871e-03 1.109204e-05 -1.088566e-02 8.957321e-03 9.999006e-01 1.572891e-05
8.679356e-01 -4.964807e-01 1.395582e-02 -1.762242e-05 4.965560e-01 8.680016e-01 -2.335675e-03 1.762242e-05 -1.095406e-02 8.957062e-03 9.998999e-01 1.964265e-05
8.679376e-01 -4.964751e-01 1.402992e-02 -2.420410e-05 4.965513e-01 8.680042e-01 -2.358106e-03 2.420410e-05 -1.100729e-02 9.013263e-03 9.998988e-01 1.582290e-05
8.679409e-01 -4.964691e-01 1.403583e-02 -2.329233e-05 4.965453e-01 8.680076e-01 -2.353947e-03 2.329233e-05 -1.101455e-02 9.012513e-03 9.998987e-01 1.450993e-05
8.679403e-01 -4.964708e-01 1.401155e-02 -2.111059e-05 4.965469e-01 8.680067e-01 -2.360553e-03 2.111059e-05 -1.099017e-02 9.006210e-03 9.998990e-01 1.425487e-05
8.679367e-01 -4.964780e-01 1.397989e-02 -1.954190e-05 4.965541e-01 8.680025e-01 -2.389519e-03 1.954190e-05 -1.094824e-02 9.015723e-03 9.998994e-01 1.322092e-05
8.679327e-01 -4.964864e-01 1.393313e-02 -1.663664e-05 4.965621e-01 8.679979e-01 -2.392525e-03 1.663664e-05 -1.090607e-02 8.995214e-03 9.999001e-01 1.523720e-05
8.679322e-01 -4.964881e-01 1.390086e-02 -1.356904e-05 4.965637e-01 8.679970e-01 -2.409337e-03 1.356904e-05 -1.086969e-02 8.993802e-03 9.999005e-01 1.385645e-05
8.679350e-01 -4.964837e-01 1.388723e-02 -1.096458e-05 4.965590e-01 8.679996e-01 -2.399111e-03 1.096458e-05 -1.086299e-02 8.978104e-03 9.999007e-01 1.361514e-05
8.679414e-01 -4.964725e-01 1.388457e-02 -7.814596e-06 4.965475e-01 8.680064e-01 -2.360533e-03 7.814596e-06 -1.087995e-02 8.943151e-03 9.999008e-01 1.443310e-05
8.679412e-01 -4.964720e-01 1.391674e-02 -4.943669e-06 4.965476e-01 8.680062e-01 -2.396336e-03 4.943669e-06 -1.089010e-02 8.990202e-03 9.999003e-01 1.057378e-05
8.679346e-01 -4.964834e-01 1.391753e-02 -6.187381e-06 4.965591e-01 8.679996e-01 -2.404424e-03 6.187381e-06 -1.088666e-02 8.997761e-03 9.999003e-01 1.305537e-05
8.679302e-01 -4.964921e-01 1.388426e-02 -4.825451e-06 4.965674e-01 8.679949e-01 -2.390347e-03 4.825451e-06 -1.086468e-02 8.969126e-03 9.999008e-01 1.701189e-05
8.679295e-01 -4.964937e-01 1.386901e-02 -3.580875e-06 4.965691e-01 8.679939e-01 -2.414179e-03 3.580875e-06 -1.083959e-02 8.982261e-03 9.999009e-01 1.491012e-05
8.679319e-01 -4.964904e-01 1.383636e-02 8.034823e-07 4.965652e-01 8.679961e-01 -2.393325e-03 -8.034823e-07 -1.082165e-02 8.947900e-03 9.999014e-01 1.606355e-05
8.679348e-01 -4.964855e-01 1.383186e-02 2.556332e-06 4.965605e-01 8.679988e-01 -2.411628e-03 -2.556332e-06 -1.080870e-02 8.961493e-03 9.999014e-01 1.267041e-05
8.679354e-01 -4.964835e-01 1.386350e-02 -8.363868e-06 4.965590e-01 8.679996e-01 -2.422431e-03 8.363868e-06 -1.083082e-02 8.986560e-03 9.999010e-01 1.104616e-05
8.679378e-01 -4.964781e-01 1.390779e-02 -1.175810e-05 4.965534e-01 8.680030e-01 -2.372151e-03 1.175810e-05 -1.089428e-02 8.964839e-03 9.999005e-01 1.489338e-05
8.679393e-01 -4.964747e-01 1.393835e-02 -1.418005e-05 4.965501e-01 8.680049e-01 -2.362951e-03 1.418005e-05 -1.092541e-02 8.971986e-03 9.999001e-01 1.493892e-05
8.679352e-01 -4.964822e-01 1.392639e-02 -1.482568e-05 4.965574e-01 8.680007e-01 -2.352426e-03 1.482568e-05 -1.092017e-02 8.957004e-03 9.999003e-01 1.823444e-05
8.679304e-01 -4.964908e-01 1.392193e-02 -1.654347e-05 4.965658e-01 8.679959e-01 -2.339493e-03 1.654347e-05 -1.092264e-02 8.943671e-03 9.999003e-01 2.210110e-05
8.679315e-01 -4.964878e-01 1.395428e-02 -1.928724e-05 4.965639e-01 8.679968e-01 -2.406681e-03 1.928724e-05 -1.091738e-02 9.018025e-03 9.998997e-01 1.420591e-05
8.679376e-01 -4.964785e-01 1.390350e-02 -1.140933e-05 4.965544e-01 8.680022e-01 -2.428527e-03 1.140933e-05 -1.086256e-02 9.011654e-03 9.999004e-01 9.042080e-06
8.679395e-01 -4.964773e-01 1.383288e-02 -3.440933e-06 4.965526e-01 8.680032e-01 -2.442806e-03 3.440933e-06 -1.079419e-02 8.988963e-03 9.999013e-01 6.973477e-06
8.679351e-01 -4.964847e-01 1.383765e-02 -5.873848e-06 4.965602e-01 8.679988e-01 -2.449984e-03 5.873848e-06 -1.079468e-02 8.997653e-03 9.999013e-01 8.411306e-06
8.679280e-01 -4.964960e-01 1.388354e-02 -1.372469e-05 4.965714e-01 8.679926e-01 -2.406394e-03 1.372469e-05 -1.085604e-02 8.982744e-03 9.999007e-01 1.643678e-05
8.679239e-01 -4.965022e-01 1.391981e-02 -1.925232e-05 4.965778e-01 8.679889e-01 -2.398335e-03 1.925232e-05 -1.089146e-02 8.993843e-03 9.999002e-01 1.921186e-05
8.679270e-01 -4.964965e-01 1.392587e-02 -1.237493e-05 4.965721e-01 8.679922e-01 -2.392426e-03 1.237493e-05 -1.089971e-02 8.991649e-03 9.999002e-01 1.817801e-05
8.679357e-01 -4.964813e-01 1.392884e-02 -6.863663e-06 4.965567e-01 8.680011e-01 -2.366419e-03 6.863663e-06 -1.091537e-02 8.970360e-03 9.999002e-01 1.648626e-05
8.679417e-01 -4.964712e-01 1.391257e-02 -2.508386e-06 4.965464e-01 8.680070e-01 -2.361414e-03 2.508386e-06 -1.090384e-02 8.957806e-03 9.999004e-01 1.401644e-05
8.679365e-01 -4.964812e-01 1.387996e-02 -1.550486e-06 4.965566e-01 8.680010e-01 -2.410686e-03 1.550486e-06 -1.085096e-02 8.984508e-03 9.999008e-01 1.164386e-05
8.679253e-01 -4.965014e-01 1.385614e-02 -4.166535e-06 4.965768e-01 8.679894e-01 -2.424667e-03 4.166535e-06 -1.082313e-02 8.985065e-03 9.999011e-01 1.602210e-05
8.679211e-01 -4.965085e-01 1.386824e-02 -7.298446e-06 4.965837e-01 8.679855e-01 -2.404234e-03 7.298446e-06 -1.084371e-02 8.973430e-03 9.999009e-01 2.029462e-05
8.679265e-01 -4.964987e-01 1.388057e-02 -1.410024e-05 4.965738e-01 8.679912e-01 -2.383373e-03 1.410024e-05 -1.086487e-02 8.961320e-03 9.999008e-01 1.966239e-05
8.679354e-01 -4.964830e-01 1.388706e-02 -1.077434e-05 4.965583e-01 8.680001e-01 -2.391352e-03 1.077434e-05 -1.086670e-02 8.971274e-03 9.999007e-01 1.424123e-05
8.679431e-01 -4.964684e-01 1.392659e-02 -1.129499e-05 4.965441e-01 8.680081e-01 -2.402794e-03 1.129499e-05 -1.089548e-02 9.000656e-03 9.999001e-01 8.849361e-06
8.679453e-01 -4.964636e-01 1.396103e-02 -1.379913e-05 4.965393e-01 8.680111e-01 -2.362103e-03 1.379913e-05 -1.094563e-02 8.982376e-03 9.998998e-01 1.185526e-05
8.679361e-01 -4.964801e-01 1.394429e-02 -1.621815e-05 4.965554e-01 8.680018e-01 -2.348852e-03 1.621815e-05 -1.093751e-02 8.962768e-03 9.999000e-01 1.803790e-05
8.679274e-01 -4.964967e-01 1.389714e-02 -1.537835e-05 4.965717e-01 8.679925e-01 -2.358039e-03 1.537835e-05 -1.089185e-02 8.947532e-03 9.999006e-01 2.180239e-05
8.679277e-01 -4.964962e-01 1.389192e-02 -1.470402e-05 4.965714e-01 8.679927e-01 -2.372135e-03 1.470402e-05 -1.088033e-02 8.957170e-03 9.999007e-01 2.017102e-05
8.679316e-01 -4.964896e-01 1.388465e-02 -1.220784e-05 4.965652e-01 8.679961e-01 -2.418581e-03 1.220784e-05 -1.085102e-02 8.993796e-03 9.999007e-01 1.328237e-05
8.679344e-01 -4.964860e-01 1.384009e-02 -6.450908e-06 4.965614e-01 8.679982e-01 -2.444631e-03 6.450908e-06 -1.079945e-02 8.994235e-03 9.999012e-01 9.340988e-06
8.679338e-01 -4.964876e-01 1.381959e-02 -4.662757e-06 4.965627e-01 8.679975e-01 -2.425064e-03 4.662757e-06 -1.079136e-02 8.967089e-03 9.999016e-01 1.185066e-05
8.679265e-01 -4.965001e-01 1.383228e-02 -9.238581e-06 4.965751e-01 8.679904e-01 -2.407866e-03 9.238581e-06 -1.081078e-02 8.958614e-03 9.999014e-01 1.735794e-05
8.679231e-01 -4.965055e-01 1.385067e-02 -6.359949e-06 4.965804e-01 8.679875e-01 -2.384808e-03 6.359949e-06 -1.083814e-02 8.947803e-03 9.999012e-01 2.142989e-05
8.679296e-01 -4.964926e-01 1.390044e-02 -6.709946e-06 4.965680e-01 8.679946e-01 -2.384946e-03 6.709946e-06 -1.088140e-02 8.972478e-03 9.999005e-01 1.777892e-05
8.679404e-01 -4.964725e-01 1.394695e-02 -6.579317e-06 4.965483e-01 8.680058e-01 -2.387712e-03 6.579317e-06 -1.092060e-02 8.997728e-03 9.998999e-01 1.171964e-05
8.679420e-01 -4.964699e-01 1.394079e-02 -5.237303e-06 4.965455e-01 8.680075e-01 -2.370947e-03 5.237303e-06 -1.092360e-02 8.980078e-03 9.999000e-01 1.271007e-05
8.679348e-01 -4.964832e-01 1.391720e-02 -6.091392e-06 4.965586e-01 8.680000e-01 -2.377608e-03 6.091392e-06 -1.089968e-02 8.974313e-03 9.999003e-01 1.582736e-05
8.679261e-01 -4.964990e-01 1.389300e-02 -7.538974e-06 4.965745e-01 8.679908e-01 -2.407448e-03 7.538974e-06 -1.086370e-02 8.988396e-03 9.999006e-01 1.723874e-05
8.679240e-01 -4.965037e-01 1.385678e-02 -1.281970e-05 4.965788e-01 8.679883e-01 -2.396608e-03 1.281970e-05 -1.083760e-02 8.961055e-03 9.999011e-01 1.967418e-05
8.679312e-01 -4.964910e-01 1.385747e-02 -9.637963e-06 4.965662e-01 8.679955e-01 -2.407857e-03 9.637963e-06 -1.083274e-02 8.971004e-03 9.999011e-01 1.477072e-05
8.679381e-01 -4.964783e-01 1.388232e-02 -9.051037e-06 4.965537e-01 8.680027e-01 -2.407016e-03 9.051037e-06 -1.085486e-02 8.982456e-03 9.999007e-01 1.119058e-05
8.679374e-01 -4.964789e-01 1.390854e-02 -1.204425e-05 4.965543e-01 8.680024e-01 -2.388014e-03 1.204425e-05 -1.088704e-02 8.978990e-03 9.999004e-01 1.344933e-05
8.679316e-01 -4.964881e-01 1.394139e-02 -1.795913e-05 4.965640e-01 8.679968e-01 -2.402778e-03 1.795913e-05 -1.090813e-02 9.008240e-03 9.998999e-01 1.466117e-05
8.679222e-01 -4.965050e-01 1.392432e-02 -2.046426e-05 4.965803e-01 8.679875e-01 -2.365367e-03 2.046426e-05 -1.091172e-02 8.967498e-03 9.999003e-01 2.354164e-05
8.679197e-01 -4.965105e-01 1.388475e-02 -1.758358e-05 4.965853e-01 8.679848e-01 -2.349070e-03 1.758358e-05 -1.088541e-02 8.933767e-03 9.999008e-01 2.676310e-05
8.679306e-01 -4.964916e-01 1.387542e-02 -1.171362e-05 4.965667e-01 8.679953e-01 -2.383653e-03 1.171362e-05 -1.086034e-02 8.958918e-03 9.999009e-01 1.753307e-05
8.679400e-01 -4.964750e-01 1.388266e-02 -8.254165e-06 4.965503e-01 8.680047e-01 -2.388177e-03 8.254165e-06 -1.086455e-02 8.966234e-03 9.999008e-01 1.223595e-05
8.679365e-01 -4.964808e-01 1.389590e-02 -1.117423e-05 4.965565e-01 8.680011e-01 -2.415638e-03 1.117423e-05 -1.086234e-02 8.996721e-03 9.999005e-01 1.105649e-05
8.679266e-01 -4.964982e-01 1.388729e-02 -1.471426e-05 4.965738e-01 8.679911e-01 -2.418967e-03 1.471426e-05 -1.085303e-02 8.995551e-03 9.999006e-01 1.578025e-05
8.679223e-01 -4.965062e-01 1.387424e-02 -9.217309e-06 4.965812e-01 8.679870e-01 -2.372957e-03 9.217309e-06 -1.086448e-02 8.949231e-03 9.999009e-01 2.296524e-05
8.679294e-01 -4.964931e-01 1.389895e-02 -6.672675e-06 4.965684e-01 8.679943e-01 -2.379540e-03 6.672675e-06 -1.088279e-02 8.967054e-03 9.999006e-01 1.848837e-05
8.679361e-01 -4.964814e-01 1.389978e-02 -3.739350e-06 4.965568e-01 8.680009e-01 -2.395950e-03 3.739350e-06 -1.087547e-02 8.981559e-03 9.999005e-01 1.330666e-05
8.679380e-01 -4.964784e-01 1.388687e-02 -1.589356e-06 4.965537e-01 8.680027e-01 -2.392326e-03 1.589356e-06 -1.086610e-02 8.971966e-03 9.999007e-01 1.279818e-05
8.679348e-01 -4.964836e-01 1.390308e-02 -4.670358e-06 4.965591e-01 8.679996e-01 -2.401452e-03 4.670358e-06 -1.087559e-02 8.988005e-03 9.999005e-01 1.338607e-05
8.679276e-01 -4.964965e-01 1.388970e-02 -6.549419e-06 4.965717e-01 8.679925e-01 -2.376930e-03 6.549419e-06 -1.087602e-02 8.960236e-03 9.999007e-01 1.974206e-05
8.679262e-01 -4.964990e-01 1.389036e-02 -1.523804e-05 4.965743e-01 8.679909e-01 -2.395602e-03 1.523804e-05 -1.086730e-02 8.976804e-03 9.999007e-01 1.848139e-05
8.679297e-01 -4.964925e-01 1.390338e-02 -1.497483e-05 4.965683e-01 8.679943e-01 -2.423757e-03 1.497483e-05 -1.086468e-02 9.007628e-03 9.999004e-01 1.362606e-05
8.679330e-01 -4.964869e-01 1.389468e-02 -1.260468e-05 4.965623e-01 8.679978e-01 -2.392990e-03 1.260468e-05 -1.087246e-02 8.976528e-03 9.999006e-01 1.523485e-05
8.679357e-01 -4.964821e-01 1.390190e-02 -1.214092e-05 4.965576e-01 8.680005e-01 -2.399846e-03 1.214092e-05 -1.087538e-02 8.986007e-03 9.999005e-01 1.310723e-05
8.679329e-01 -4.964871e-01 1.389368e-02 -1.255123e-05 4.965621e-01 8.679980e-01 -2.360020e-03 1.255123e-05 -1.088797e-02 8.947416e-03 9.999007e-01 1.878652e-05
8.679268e-01 -4.964976e-01 1.389983e-02 -1.592196e-05 4.965727e-01 8.679919e-01 -2.361297e-03 1.592196e-05 -1.089256e-02 8.951709e-03 9.999006e-01 2.175190e-05
8.679226e-01 -4.965042e-01 1.392717e-02 -2.056715e-05 4.965801e-01 8.679875e-01 -2.416808e-03 2.056715e-05 -1.088865e-02 9.013558e-03 9.999001e-01 1.786621e-05
8.679225e-01 -4.965042e-01 1.393052e-02 -2.093025e-05 4.965802e-01 8.679875e-01 -2.420092e-03 2.093025e-05 -1.088993e-02 9.018074e-03 9.999000e-01 1.752641e-05
8.679265e-01 -4.964980e-01 1.390475e-02 -1.653404e-05 4.965736e-01 8.679912e-01 -2.413932e-03 1.653404e-05 -1.087069e-02 8.999850e-03 9.999004e-01 1.627959e-05
8.679330e-01 -4.964871e-01 1.388805e-02 -1.193619e-05 4.965624e-01 8.679977e-01 -2.394074e-03 1.193619e-05 -1.086617e-02 8.974178e-03 9.999007e-01 1.515842e-05
8.679373e-01 -4.964803e-01 1.386234e-02 -7.409863e-06 4.965549e-01 8.680021e-01 -2.350561e-03 7.409863e-06 -1.086553e-02 8.923551e-03 9.999012e-01 1.771342e-05
8.679349e-01 -4.964844e-01 1.386688e-02 -2.708787e-06 4.965593e-01 8.679995e-01 -2.376618e-03 2.708787e-06 -1.085649e-02 8.948476e-03 9.999010e-01 1.615028e-05
8.679280e-01 -4.964955e-01 1.389960e-02 -7.356264e-06 4.965710e-01 8.679928e-01 -2.397205e-03 7.356264e-06 -1.087455e-02 8.982739e-03 9.999005e-01 1.731868e-05
8.679226e-01 -4.965048e-01 1.390434e-02 -1.026909e-05 4.965800e-01 8.679877e-01 -2.370064e-03 1.026909e-05 -1.089205e-02 8.961650e-03 9.999005e-01 2.294185e-05
8.679241e-01 -4.965025e-01 1.389278e-02 -8.410980e-06 4.965778e-01 8.679890e-01 -2.385498e-03 8.410980e-06 -1.087438e-02 8.969278e-03 9.999006e-01 2.058405e-05
8.679297e-01 -4.964930e-01 1.388323e-02 -4.938721e-06 4.965681e-01 8.679945e-01 -2.381155e-03 4.938721e-06 -1.086834e-02 8.960647e-03 9.999008e-01 1.823916e-05
8.679353e-01 -4.964828e-01 1.389531e-02 -3.634476e-06 4.965580e-01 8.680003e-01 -2.377983e-03 3.634476e-06 -1.088050e-02 8.963762e-03 9.999006e-01 1.563034e-05
8.679355e-01 -4.964823e-01 1.390586e-02 -1.263098e-05 4.965580e-01 8.680002e-01 -2.409742e-03 1.263098e-05 -1.087390e-02 8.996567e-03 9.999004e-01 1.213940e-05
8.679239e-01 -4.965031e-01 1.388582e-02 -1.579571e-05 4.965785e-01 8.679885e-01 -2.405087e-03 1.579571e-05 -1.085860e-02 8.982830e-03 9.999007e-01 1.866150e-05
8.679162e-01 -4.965165e-01 1.388505e-02 -1.917115e-05 4.965918e-01 8.679809e-01 -2.391708e-03 1.917115e-05 -1.086443e-02 8.971003e-03 9.999007e-01 2.402013e-05
8.679198e-01 -4.965097e-01 1.390369e-02 -1.943791e-05 4.965853e-01 8.679846e-01 -2.406550e-03 1.943791e-05 -1.087332e-02 8.993063e-03 9.999004e-01 2.049996e-05
8.679252e-01 -4.965007e-01 1.388781e-02 -1.539790e-05 4.965759e-01 8.679900e-01 -2.383010e-03 1.539790e-05 -1.087131e-02 8.964625e-03 9.999007e-01 2.030609e-05
8.679337e-01 -4.964861e-01 1.387949e-02 -1.075411e-05 4.965611e-01 8.679986e-01 -2.368485e-03 1.075411e-05 -1.087145e-02 8.947700e-03 9.999009e-01 1.755575e-05
8.679391e-01 -4.964765e-01 1.388548e-02 -8.934685e-06 4.965517e-01 8.680039e-01 -2.384341e-03 8.934685e-06 -1.086888e-02 8.964322e-03 9.999007e-01 1.307803e-05
8.679293e-01 -4.964940e-01 1.387537e-02 -1.232975e-05 4.965693e-01 8.679937e-01 -2.406133e-03 1.232975e-05 -1.084911e-02 8.978437e-03 9.999008e-01 1.586029e-05
8.679231e-01 -4.965049e-01 1.386976e-02 -1.452270e-05 4.965801e-01 8.679876e-01 -2.402867e-03 1.452270e-05 -1.084574e-02 8.972949e-03 9.999009e-01 1.938520e-05
8.679255e-01 -4.965007e-01 1.386945e-02 -1.342265e-05 4.965761e-01 8.679898e-01 -2.417990e-03 1.342265e-05 -1.083801e-02 8.985875e-03 9.999009e-01 1.656509e-05
8.679246e-01 -4.965029e-01 1.384543e-02 -1.139175e-05 4.965781e-01 8.679887e-01 -2.416266e-03 1.139175e-05 -1.081799e-02 8.972474e-03 9.999012e-01 1.733417e-05
